-6.003113757382012583e-01
-2.047519724300939536e+00
-1.360501532109622547e+00
-9.334896929556468770e-01
-1.254092834586407745e+00
-3.714035769466379477e-01
3.520024675995847008e-01
-1.286725042635858740e+00
-1.598471902401704892e+00
-1.345652158175192348e+00
-1.964081234751861693e+00
-1.575172940551144984e+00
-1.324448776031156516e+00
-1.788359977876533113e+00
-1.102449671581019253e+00
-2.507935997678057749e+00
-1.343423227647818186e+00
-2.162752656804050932e+00
-4.752622425120875960e-01
-1.405974022444560045e+00
-1.813766796452153773e+00
-1.400738833051665910e+00
-1.028480752192792780e+00
-1.855697733691223039e+00
-1.419818172802194800e+00
-1.998671421682689298e+00
1.129266212220565169e-01
-2.162871644451724862e+00
-1.437848555966872777e+00
-1.562950302237136935e+00
-1.253051127015072375e+00
-1.377847864974698799e+00
-1.040537643295609493e+00
-1.726822409256064450e+00
-1.183419414458767083e+00
-1.346011985361168728e+00
-1.267953667015383257e+00
-2.277811125294203709e+00
-1.085729392971239271e+00
1.954675687065373646e-01
-6.372499170665005153e+00
-1.690960500031285507e-01
7.271573278551234087e-02
-1.124647840809545940e+00
-1.738830389842778379e+00
-3.554222866378565215e-01
-1.085816893170088671e+00
-1.246429051662673260e+00
-1.305683490946025982e+00
-1.212466187524586347e+00
1.316899715068853283e-01
-1.442412175992719314e+00
-1.430389599050780669e+00
-1.490134833300680528e+00
-1.229521592943972452e+00
-1.915464885442350385e+00
-1.511641804710101678e+00
-1.771795586950361878e+00
-1.230941594622892987e+00
-2.070314587451126620e+00
-2.205409178064585252e+00
-1.918735174056448445e+00
-1.347238306246064443e+00
-8.849077458694092346e-01
-1.429587780121436724e+00
-1.310264764524136538e+00
-1.410543010118536555e+00
6.232435301216799478e-02
-1.755027113947082718e-01
-1.492226157946289655e+00
-1.465698857937696609e+00
-2.028105500777253489e+00
-2.328696569559288942e+00
-2.027060250290405818e+00
-1.295296910328399775e+00
-1.672134789939342170e+00
-1.694941465999598718e+00
-6.390158812411150357e+00
-1.858646039302456421e+00
-1.740211215373024922e+00
-1.034375933234492173e+00
-1.136436440860931318e+00
-3.594699557634113973e-01
-2.131908289403694479e+00
-1.208644697944158963e+00
-5.146460030723767343e-01
-9.343144314945949214e-01
-2.207680257057006212e+00
-1.326507636198449580e+00
-2.476622781248649652e+00
-1.382790843626124255e+00
-6.739485004783912103e+00
-1.225830696846695878e+00
-5.793704999131938926e-01
-1.909538845902176263e+00
-1.992416240851171860e+00
-2.121943994132611699e+00
-1.395108026962564196e+00
-1.863460928063161770e+00
-9.043952209825332211e-01
-2.309141723927149670e+00
-2.064896891729275819e+00
-1.587166388214278356e+00
-3.243392857545416952e+00
-3.938379594758051883e-01
-1.084955942710335464e+00
-2.096797285182756987e+00
-9.262579105316602612e-02
-1.164890083050155623e+00
-3.186454622438671613e+00
-1.389189341987097981e+00
-2.336809281331909904e+00
-2.091040285972081136e+00
-6.543134795662775893e+00
-8.269987064797405807e-02
-1.880969479574783998e+00
-1.219949559833094499e+00
-3.332071932682238558e+00
-1.428571536115509355e+00
-2.849136468992463644e-01
-1.201782586009970011e+00
-1.881370689180370315e+00
-8.506728956662291674e-01
-1.527189465239398247e+00
-2.037084717424566982e+00
-2.303389741392543488e+00
3.853316724815420563e-02
-2.216038063370552980e+00
-6.197746234876561289e+00
-1.358359401990528958e+00
-2.053607143616690944e+00
-6.279771310089449443e+00
-1.230941594622892987e+00
-2.121943994132611699e+00
-6.437081537800221298e+00
-8.269987064797405807e-02
-1.305683490946025982e+00
-1.819265177352239471e+00
-1.992416240851171860e+00
-6.279771310089449443e+00
-1.428571536115509355e+00
-1.419818172802194800e+00
-1.382037506664793636e+00
-2.096797285182756987e+00
-2.507935997678057749e+00
-2.212005715259858785e-01
-1.456133525674471185e+00
-1.410543010118536555e+00
-2.283600222874414332e+00
-3.714035769466379477e-01
-2.028105500777253489e+00
-1.858646039302456421e+00
-6.372499170665005153e+00
-1.225830696846695878e+00
-1.201782586009970011e+00
-1.672134789939342170e+00
-6.543134795662775893e+00
-1.031573338563991804e+00
-2.101267502199866133e+00
-2.070314587451126620e+00
-1.571193968851566813e+00
-5.146460030723767343e-01
-1.899541918402748220e+00
-1.343423227647818186e+00
-1.207516134075792058e+00
-1.247055713842442293e+00
-1.598471902401704892e+00
-1.432295886206883306e+00
-1.511641804710101678e+00
-2.476622781248649652e+00
-1.164890083050155623e+00
-1.813766796452153773e+00
-3.554222866378565215e-01
-8.609453633281142354e-03
-3.938379594758051883e-01
-6.003113757382012583e-01
-1.915464885442350385e+00
-1.575172940551144984e+00
-3.594699557634113973e-01
-1.183419414458767083e+00
-2.849136468992463644e-01
-2.328696569559288942e+00
-9.043952209825332211e-01
4.110952271181855106e-02
-1.811016282692839319e+00
-2.336809281331909904e+00
-2.162752656804050932e+00
-2.303389741392543488e+00
-1.771795586950361878e+00
-1.024531610307837459e+00
-1.909538845902176263e+00
-2.064896891729275819e+00
-6.197746234876561289e+00
-2.205409178064585252e+00
-1.437848555966872777e+00
-1.726822409256064450e+00
-1.559571589805677450e+00
-4.752622425120875960e-01
-1.040537643295609493e+00
-1.430389599050780669e+00
-1.527189465239398247e+00
-1.395108026962564196e+00
-6.101210088616037197e+00
-1.517586269515452946e+00
-2.007089990107584043e+00
-1.296736191570356356e+00
-1.854170596827103390e+00
-1.632132177065794387e+00
-4.439166944187746822e+00
-6.368862750120123373e+00
-1.270772738220641740e+00
-1.096731526212773034e+00
-1.172586515743330615e+00
-2.521673038891905527e+00
-1.791487633142758051e+00
-6.229319759069225526e+00
-1.357121895834991765e+00
-1.152457170746086890e+00
-1.389671241854789407e+00
-1.864991203398240760e+00
-1.801104223514569114e+00
-6.539907733972009751e+00
-1.184703316069573464e+00
-1.247545709639816147e+00
-1.456639170923138327e+00
-6.683562730689437403e-01
-1.693513784084080154e+00
-2.003165522241894703e+00
2.886671808964079711e-01
-1.807191636487397890e+00
-3.106032111836860565e+00
-2.094568775845188302e+00
-1.031692424536131636e+00
-1.372746113377407262e+00
-1.884836720796067677e+00
-1.336923264023572200e+00
-1.449614047992838328e+00
-9.971466120121579013e-02
-2.130047572572753900e+00
-9.747266972207719871e-01
-1.866707651984795380e+00
-6.228182997426549683e+00
-1.182439579287931197e+00
-1.868547064529793911e+00
-6.410170225870502669e+00
-1.821218605329508744e+00
-2.115655708411080749e+00
-1.464658492846560023e+00
-1.557206205648111741e-01
-1.231943327032504643e+00
-1.563597178844110314e+00
-1.482718510617202501e+00
-1.236872456783813190e+00
-1.768316961814660582e+00
-1.625665520372998385e+00
-1.803870141417551309e+00
-1.341375495519719685e+00
-1.149346618947096443e+00
-6.146404701650135527e-01
-1.743315333107766874e+00
-1.513055897065927136e+00
-5.718473441268263624e-01
-6.647779953603258463e+00
-1.341545875753892947e+00
-2.317648912669012962e+00
-4.465139190854556794e-01
-1.845175889687876936e+00
-1.122310289362221214e+00
-2.045247906644961589e+00
-1.242060097011130182e+00
-1.737082559400228821e+00
-1.520991090314800231e-01
-6.479210731641310561e-01
1.380236842931716057e-01
-1.652351519477459174e+00
-1.443078727910503511e+00
-6.465339448530915689e+00
-1.747922881640713230e-02
-2.001746974459034156e+00
-1.361418477025636120e+00
-1.444408315528349362e+00
-1.462532256354806215e+00
-1.786993136044823460e+00
-4.523354659172219572e-01
1.624371049558634428e-01
-2.102036268805723473e+00
-1.108590382076129366e+00
-1.961665639225535163e+00
-1.325207519674986623e+00
-1.224912498236814917e+00
-1.430349981445959040e+00
-2.155057170790411369e+00
-2.277512865747257198e+00
-6.257974693496518803e+00
-1.711673350364155244e+00
-1.263860715413549718e+00
-1.320652294190024056e+00
-1.265909830726601459e+00
-6.372955875889694255e+00
-1.401239167926640716e+00
-2.099266791096755291e+00
-1.245962748233543138e+00
-6.626602107841584655e+00
-1.391268897507930591e+00
-2.160708159161456088e+00
-2.389426527341834916e+00
-2.150842268717668038e+00
-1.907785222225930610e+00
-6.304158726258939360e+00
-1.425247705726407466e+00
-1.542825943885124396e+00
-1.743543408770484637e+00
-1.474658233417126763e+00
-1.101238380902024167e-01
-1.426832698967775093e+00
-1.331069373542967726e+00
-2.018432923947365509e+00
-6.124321999509897196e+00
-1.423987628321833121e+00
-2.185627136559204153e+00
-1.184154923037989970e+00
-1.927459292266797242e+00
-3.551135057559908215e-01
1.733722476617950981e-01
-1.358535026528262302e+00
-4.402797214213990395e-01
-9.154220516147137943e-01
-1.351098353010397046e+00
-2.254837309872939954e+00
-2.579862278508719076e+00
-2.473408507342529816e+00
-2.300323944125453046e+00
-2.282784695435682298e+00
-1.327594095507973471e+00
-2.404907456542070054e+00
-2.572536820745318753e+00
-2.261209677016028152e+00
-2.218172660809461849e+00
-2.549073872000427343e+00
-2.572536820745318753e+00
-2.343821415765816152e+00
-6.326289032432518056e+00
-1.213854616693918809e+00
-2.258934498685722936e+00
-2.572536820745318753e+00
-2.381429444445837262e+00
-2.572536820745318753e+00
-2.570680083720110698e+00
-2.305903921753558183e+00
-2.572536820745318753e+00
-2.396816001781152838e+00
-2.565168535877366374e+00
-2.566633271442626985e+00
-2.606426439755213043e+00
-2.326585556274639366e+00
-2.483889429803594506e+00
-2.493917216496321920e+00
-2.572536820745318753e+00
-2.338258314277034788e+00
-2.572536820745318753e+00
-2.284353414918451897e+00
-2.141420311301300394e+00
-2.489892997346850212e+00
-2.362455802425238893e+00
-2.542615202208484249e+00
-2.572536820745318753e+00
-2.642312598008704327e+00
-2.324989367120812833e+00
-2.360758860118280733e+00
-2.410344750003971637e+00
-2.606429659399565057e+00
-2.410306792071431392e+00
-2.184327123084823796e+00
-2.175393119287244659e+00
-2.187441901922416498e+00
