-1.455423147971094400e+00
-1.204784879875421266e+00
-1.409625172954418915e+00
-1.152360872862100205e+00
-1.409085830616109813e+00
-1.153284734137609568e+00
-1.037911737023550440e+00
-9.047709199358278109e-01
-1.640117745536287641e+00
-1.430371102104878833e+00
-1.679205463764998907e+00
-1.149615737435691454e+00
-1.681627614293864426e+00
-1.782026461246813687e-01
-1.358888646011298329e+00
-1.369871814781403740e+00
-6.561184348528707133e+00
-1.182395499993646348e+00
-1.407050627568345202e+00
-6.014460204471886451e-01
-1.745230271712894909e+00
5.122182505067214286e-01
-1.457647063525809861e-01
-6.469692239790190591e+00
-8.855902491069767013e-01
-6.651808643179946134e-01
-1.178815211198187773e+00
-1.154685493443106337e+00
-1.343751673247876921e+00
-1.382611708800485006e+00
-1.376350949800772883e+00
-1.144428805365063750e+00
-1.890660885282106074e+00
-1.191727373697357928e+00
9.968038989392760674e-03
-1.169183692297274479e+00
-1.165079940684429438e+00
-1.177417067773165238e+00
6.532911921467547955e-01
-1.103907889353247379e-01
-1.078270516999808581e+00
-8.137678543546754684e-01
-1.369541655762430699e+00
-1.081686837578133442e+00
-1.189246392435661992e+00
-1.349490508190365423e+00
4.963738318622425982e-01
-1.141657556555690567e+00
-1.776610299386512937e+00
-1.336975157260630764e+00
3.151583572442261810e-02
-1.186678593824680883e+00
-1.214239253987813738e+00
-1.401683722733268134e+00
-1.666094479497829128e-01
-1.412202220566797672e+00
-1.962873299422753348e+00
-1.372167953529947360e+00
-1.788898523654656847e+00
-1.203762801113225089e+00
-9.139800686524678364e-01
-1.148546916515420957e+00
-1.420147063542413490e-01
-1.466209581890725311e-01
-1.159454736268383579e+00
-1.425005556349656644e+00
-1.630357176101148386e+00
-5.895600959566748428e-02
-1.128144995424235963e+00
-8.999218795424870354e-01
-1.355029149283742296e+00
-1.330624936720666840e+00
-1.386279918395891153e+00
-6.478918588833054493e+00
4.426375311893200326e-01
-1.531232197654973648e+00
3.812391671291032735e-01
-1.098935731605688693e+00
-1.693279254598657912e+00
-1.406468250696727207e+00
-8.820391277592521950e-01
-8.691507992552897077e-01
-1.177955006322867648e+00
-1.412913869326259952e+00
3.497705452545583071e-01
-1.699762553075343741e+00
-7.996714844776053432e+00
-1.201453398189783028e+00
-1.137728799895437293e+00
-1.158596446422018644e+00
-1.373041051001453239e+00
-7.160588107380839729e-01
-6.592110310749572655e+00
-1.265744984400597462e+00
-1.291561774917635130e+00
-1.586527973796389768e+00
-1.419917772733099381e+00
-1.198762248370198513e+00
4.147538755680170719e-01
-6.538413663203684223e+00
-1.407975131294878057e+00
-1.614705504806555947e+00
-1.655264139736305484e+00
-1.267129430757594433e+00
-1.695511275565407594e+00
4.113189827368278206e-01
-6.604232402832089122e+00
-9.665447723222157783e-02
-6.402400633734743884e+00
-1.716450497166580824e+00
3.223353219220327359e-01
-1.623303365147830801e+00
-1.198969140076667078e-01
-1.383167433193690732e+00
-8.399887604918602202e-01
-1.191094266839232585e+00
4.902678179667165348e-01
-3.400283997738687614e+00
-1.413654234632541584e+00
-1.394227734177326372e+00
-1.194292634673577602e+00
-1.514985278272129865e-01
-6.155598546317200270e-01
-1.843767586753651599e+00
-1.408529995602288754e+00
-1.360999759267081277e+00
-1.140093538268665274e-01
-1.147234795963988141e+00
-1.237059338260649399e+00
-1.433030275975059720e+00
-1.979726315690397975e-01
-1.497741918274600126e+00
-1.788898523654656847e+00
-1.419917772733099381e+00
-1.885319214496698592e+00
-8.399887604918602202e-01
-1.776610299386512937e+00
-1.593058974581349929e+00
-1.586527973796389768e+00
-1.497741918274600126e+00
-1.413654234632541584e+00
-8.855902491069767013e-01
-1.849889080120193041e+00
-6.604232402832089122e+00
-1.369871814781403740e+00
-7.898929767993727591e-01
-3.218274133741988230e+00
-1.630357176101148386e+00
-9.492754837202374008e-01
-1.153284734137609568e+00
-1.330624936720666840e+00
-1.693279254598657912e+00
-1.078270516999808581e+00
-6.592110310749572655e+00
-1.194292634673577602e+00
-1.531232197654973648e+00
-1.383167433193690732e+00
-2.962344393275843313e+00
-1.625115028729835487e+00
-1.203762801113225089e+00
-2.757623753341609696e+00
-1.699762553075343741e+00
-2.821011229080025995e+00
-6.561184348528707133e+00
-2.859100279089515695e+00
-1.597703774159662249e+00
-1.640117745536287641e+00
-1.690804851984879953e+00
-1.962873299422753348e+00
-1.158596446422018644e+00
-6.402400633734743884e+00
-1.745230271712894909e+00
-1.349490508190365423e+00
-7.665913855956837386e-01
-1.695511275565407594e+00
-1.455423147971094400e+00
-1.412202220566797672e+00
-1.149615737435691454e+00
-1.177955006322867648e+00
9.968038989392760674e-03
-1.394227734177326372e+00
-1.386279918395891153e+00
-6.538413663203684223e+00
-8.063349724109046823e-01
-1.741231915312623224e+00
-1.623303365147830801e+00
-1.182395499993646348e+00
-1.360999759267081277e+00
-1.372167953529947360e+00
-1.770415813019241558e+00
-1.291561774917635130e+00
-1.614705504806555947e+00
-1.237059338260649399e+00
-9.139800686524678364e-01
-1.343751673247876921e+00
-1.191727373697357928e+00
-1.654167257210694242e+00
-1.407050627568345202e+00
-1.890660885282106074e+00
-1.214239253987813738e+00
-1.843767586753651599e+00
-1.198762248370198513e+00
-1.539186567761156699e+00
-1.640124696351290323e+00
-6.256673425374941644e+00
-1.663938805199877802e+00
-1.260425716321326828e+00
-1.796539349020798593e+00
1.803145321442643834e+00
-9.504782879412710939e-01
4.385515272347297877e-01
-1.839057960726874219e+00
-4.822440872531225109e-01
-6.795483048915814672e-01
-1.649659799761973744e+00
-1.203275314271981200e+00
-1.729396265993552229e+00
-1.720898915389837747e+00
5.501610596551361754e-01
-1.752164012713138375e+00
-1.379906564911295819e+00
-6.386394416111253136e+00
-1.500961972926276866e+00
-6.276464345482794194e+00
-1.292765368671694004e+00
-1.387410588429650593e+00
-2.883066005412799004e+00
-1.372331196196863612e+00
-1.012975647264053869e+00
-1.714297304210853579e+00
-1.241179365301451121e+00
-2.885420875927591222e+00
-1.395303982929514852e+00
-3.337558545489233364e+00
-1.377694121021281193e+00
-4.798514322240463592e-01
-6.417051786514024414e+00
4.018508462680061011e-01
-1.469904691392794449e+00
-6.337736906646545876e+00
-1.639538767710066791e+00
-2.996817229106530256e+00
-2.888429567809416287e+00
-6.288048324222405228e+00
-1.848246467249521574e+00
-4.687740471114948404e-01
-4.640746776937498819e-01
-1.310501788537838275e+00
-7.598942203683245467e-01
-1.311185037658496366e+00
-1.679085854249533938e+00
-1.143518726950009778e+00
-1.471035310251159967e+00
-1.134594745668503046e+00
-5.017887773531215512e-01
-1.147717111871715323e+00
-1.455119634483056368e+00
-5.557218256381335486e-01
-1.307645672084126964e+00
-1.383619190533672993e+00
-1.700294994697437057e+00
-1.315971963349855001e+00
-6.116080929286006329e-01
4.399348189592273695e-01
-8.973884012660210407e-01
-1.369558982240801637e+00
-1.156342911888810221e+00
-1.375426900200259261e+00
-9.182797380162452949e-01
4.366308122720578000e-01
-6.232364297007252141e+00
-5.818382093838625480e-02
1.652522342528741861e+00
5.787526145067918293e-01
-1.400439031454071559e+00
-1.161079785730823710e+00
-1.287016724713388127e+00
6.688139429541882786e-01
-4.971215478521216480e-01
-1.445101124884228261e+00
-1.793398196897224128e+00
4.089573333354282747e-01
-2.842107843869552841e+00
-1.570762993660430817e+00
-1.451129538884607051e+00
-1.536053664761735771e+00
-6.308320767575255061e+00
-1.318304274129022957e+00
4.866215008961479738e-01
-1.152748392815756029e+00
-1.491453379175009974e+00
-8.945693795667220005e-01
-1.496102615114532020e+00
-1.359192985944882581e+00
-1.577634090521246479e+00
-1.358583294272439401e+00
-1.379713903409633291e+00
-1.382635790711130408e+00
-1.081813656748554786e+00
-1.782765933431148975e+00
-1.684318116436652746e+00
-1.177283658986588932e+00
-1.484109717387998906e+00
-2.899903715937172777e+00
-1.371729901648201411e+00
-1.019822520398552479e+00
-1.040980183381154500e+00
-1.418930798127792769e+00
-8.057502371503262317e-01
-1.472098988284429533e+00
-6.314831887628710838e+00
-2.971670493045665662e+00
-1.391525613659497784e+00
-1.118124522239242857e+00
-1.377269199224632423e+00
-6.354917213810959531e+00
-1.480016235305300798e+00
-1.573288482012590084e+00
-9.527590041801475840e-01
-1.648810418595903382e+00
5.097256413199923175e-01
3.391752781124592053e-02
-1.185547342164258389e+00
-1.367894871202911311e+00
-1.334514887646612413e+00
-1.075778903714917023e+00
1.540722014588791655e+00
-1.040044206975001995e+00
-1.333135411119765301e+00
-2.195452242182803104e+00
-2.454129673580157434e+00
-2.236763227330047954e+00
-2.233433719598151512e+00
-2.280666468443493855e+00
-2.186941216102457730e+00
-2.500003476143967784e+00
-2.181641634388962636e+00
-2.194439132959471017e+00
-2.534879301405701391e+00
-2.500003476143967784e+00
-2.288817645583556715e+00
-2.465358601849102715e+00
-2.260704741261919004e+00
-2.276997239126667960e+00
-2.500003476143967784e+00
-2.184900543574495924e+00
-2.500003476143967784e+00
-2.463672088404376570e+00
-2.222568152031699995e+00
-2.500003476143967784e+00
-2.445511757480851145e+00
-2.495696912725418937e+00
-2.558387244205297950e+00
-2.530262937819767632e+00
-2.229980417612775323e+00
-2.532537242473064776e+00
-3.464101023122526879e+00
-2.500003476143967784e+00
-2.360502520819823591e+00
-2.500003476143967784e+00
-2.266681471754999677e+00
-2.492500502483077085e+00
-2.479633425073899389e+00
-2.413651817366739394e+00
-2.451380326498194151e+00
-2.500003476143967784e+00
-2.569828207256215968e+00
-2.276597377298909208e+00
-2.265800956084061735e+00
-2.169500328438405568e+00
-2.508830039803177314e+00
-2.217459014121831107e+00
-1.922294076832136822e+00
-3.365731079011407001e+00
-1.951371141085652017e+00
