-4.862274000000013530e+00
-4.278454000000010637e+00
-4.496361000000007380e+00
-5.221619000000004007e+00
-5.535388000000011743e+00
-5.381512000000000739e+00
-5.092376000000001568e+00
-5.600561999999996488e+00
-3.546730000000010818e+00
-5.545761999999996306e+00
-4.659373000000002207e+00
-4.843281000000018821e+00
-4.908608000000000970e+00
-5.612376999999980853e+00
-5.076803999999995654e+00
-5.082258999999993421e+00
-4.286789999999996326e+00
-4.228485000000006266e+00
-5.087195000000008349e+00
-5.101377999999996860e+00
-4.440520000000006462e+00
-5.865254000000021506e+00
-5.933843999999993457e+00
-3.586434999999994488e+00
-5.511257000000000517e+00
-4.415903000000014345e+00
-5.186798000000010234e+00
-5.125534000000001811e+00
-4.737256000000002132e+00
-4.712322000000014555e+00
-4.650311000000002082e+00
-5.366438999999999737e+00
-5.055295999999998457e+00
-4.737440000000006535e+00
-6.078709000000003471e+00
-4.699869000000006736e+00
-4.634032000000004814e+00
-4.385155000000011682e+00
-6.000673000000006141e+00
-6.237748000000010506e+00
-4.220120000000008531e+00
-5.925617000000016787e+00
-5.127846000000005233e+00
-4.835994999999996935e+00
-5.195168000000009556e+00
-5.370677999999998065e+00
-6.030585000000002083e+00
-4.753609000000011520e+00
-4.761914000000018632e+00
-4.668278000000000816e+00
-6.307382999999987305e+00
-4.571334000000007336e+00
-4.628445999999996729e+00
-4.600726000000008753e+00
-5.860675000000014734e+00
-4.636690000000015743e+00
-4.184748999999996499e+00
-4.764972999999997683e+00
-4.403969000000017786e+00
-5.116936000000009699e+00
-5.288826000000000249e+00
-4.204195000000012783e+00
-5.798956000000018207e+00
-6.035769000000016149e+00
-4.521200000000007435e+00
-4.922186000000010608e+00
-4.812100000000000932e+00
-6.496946000000008326e+00
-5.376243999999999801e+00
-5.600412000000005719e+00
-4.659642000000019380e+00
-4.557451999999997838e+00
-4.284876000000011231e+00
-3.743160000000003151e+00
-5.423257000000006656e+00
-3.998981999999998038e+00
-5.766110999999995101e+00
-5.474333999999998923e+00
-3.728530000000006339e+00
-5.282410999999996193e+00
-5.988734000000022206e+00
-5.700000999999986107e+00
-5.469553000000004772e+00
-4.265194000000008145e+00
-5.932618000000019265e+00
-4.905999000000008436e+00
-4.135363999999995599e+00
-4.320285999999995852e+00
-5.311269000000010010e+00
-5.015805000000000291e+00
-4.604566000000005488e+00
-4.518901999999997088e+00
-4.352737000000004741e+00
-5.677770000000009532e+00
-4.732154999999991674e+00
-4.841382000000010066e+00
-5.135375000000010459e+00
-5.317728000000002453e+00
-5.766407000000015159e+00
-4.080414000000004648e+00
-5.504603000000003021e+00
-4.624116000000000781e+00
-4.775069000000002006e+00
-4.545138000000008560e+00
-5.111761999999998807e+00
-5.185054000000008045e+00
-3.590243999999991331e+00
-6.430540000000007694e+00
-4.274870000000007053e+00
-3.014977000000016005e+00
-5.488386999999988802e+00
-4.506870000000006371e+00
-5.560058000000012157e+00
-4.369850000000013779e+00
-6.232199000000008482e+00
-4.125481000000007725e+00
-5.954119999999988977e+00
-2.731211000000001832e+00
-5.357195999999987635e+00
-5.638092999999997801e+00
-5.005953000000005204e+00
-5.526003000000002885e+00
-5.520949999999999136e+00
-4.596211000000010927e+00
-4.202157999999997173e+00
-4.428618999999997641e+00
-6.182641000000018039e+00
-5.364669000000006349e+00
-4.826385000000001924e+00
-5.515318999999976768e+00
-5.603983999999996968e+00
-4.974028000000018324e+00
-4.640754000000015367e+00
-4.811680000000023938e+00
-3.627228000000002339e+00
-5.133539000000013175e+00
-4.717876000000018166e+00
-3.968395999999998480e+00
-4.714410000000015089e+00
-4.829468000000005645e+00
-4.956010999999989508e+00
-5.019134999999977254e+00
-4.480634000000009109e+00
-3.269435999999991793e+00
-4.678702999999984513e+00
-5.208620999999993728e+00
-3.505429000000006567e+00
-4.737381999999996651e+00
-4.696607999999997674e+00
-5.169733000000007905e+00
-4.534283000000002062e+00
-3.904376000000013391e+00
-4.392822000000009552e+00
-4.059332000000011931e+00
-5.125439999999997553e+00
-3.989236000000005333e+00
-4.502241000000012150e+00
-4.545118000000002212e+00
-3.952009000000003880e+00
-4.935722000000012599e+00
-3.285671000000007780e+00
-4.684509000000005585e+00
-3.394711000000015133e+00
-4.040252999999992767e+00
-4.020403000000001725e+00
-4.114571999999995455e+00
-3.760120000000000573e+00
-4.414930999999995720e+00
-4.410522000000000276e+00
-4.844881999999998357e+00
-3.788768000000004577e+00
-4.400790000000014857e+00
-5.058582999999998719e+00
-5.273144000000002052e+00
-4.866270000000000095e+00
-4.761287000000010039e+00
-4.594698000000008165e+00
-4.643518000000014467e+00
-5.162279999999995539e+00
-5.435394000000002279e+00
-5.136867999999992662e+00
-4.218068000000002371e+00
-3.653659000000004653e+00
-5.131976000000008753e+00
-3.593101000000004319e+00
-4.420881000000008498e+00
-4.146911000000002900e+00
-4.440473999999994703e+00
-4.585976999999999748e+00
-4.226026000000004501e+00
-4.702701000000004683e+00
-4.505094999999997185e+00
-4.770813000000003967e+00
-4.886827999999979966e+00
-4.719084000000009382e+00
-4.777495000000001824e+00
-4.077530000000010091e+00
-4.960137000000003127e+00
-5.342117999999999256e+00
-4.649251000000006684e+00
-4.831966000000008421e+00
-5.064672999999999092e+00
-3.947006000000001791e+00
-4.150637000000003241e+00
-3.819350000000000023e+00
-4.096204000000014389e+00
-4.796381000000010886e+00
-4.603144000000000347e+00
-4.704052000000004341e+00
-6.114751000000012482e+00
-5.726980999999994992e+00
-5.087387000000006765e+00
-4.688530000000000086e+00
-5.980612000000007811e+00
-3.704875000000015461e+00
-4.898589000000001192e+00
-4.402703999999999951e+00
-4.016018000000002530e+00
-5.417352000000008161e+00
-4.356421000000011645e+00
-4.354537000000007652e+00
-3.618725000000011960e+00
-4.895285999999998694e+00
-4.213108000000005404e+00
-4.812854999999998995e+00
-4.819858999999993898e+00
-2.856401000000005297e+00
-4.431046000000009144e+00
-5.174813000000014540e+00
-3.459681000000003337e+00
-4.660085000000009359e+00
-3.292058000000011475e+00
-5.204307000000000016e+00
-4.115375000000000227e+00
-4.658362000000010994e+00
-4.809275000000013733e+00
-4.245086000000014792e+00
-6.321537000000006401e+00
-4.253180999999997880e+00
-4.796764000000010242e+00
-3.936685000000011314e+00
-2.888644000000013534e+00
-3.337497000000013259e+00
-3.586209000000010860e+00
-3.445726000000007616e+00
-4.303368000000006077e+00
-4.409472000000008052e+00
-4.764228000000002794e+00
-5.839168999999998277e+00
-4.737629000000012525e+00
-4.049289999999999168e+00
-4.609322000000005914e+00
-4.430682000000004450e+00
-4.869890000000012265e+00
-4.954454000000012570e+00
-4.248602000000005319e+00
-4.544513000000009129e+00
-5.268817999999996005e+00
-5.761172000000001958e+00
-4.896233000000009383e+00
-4.372523999999998523e+00
-5.776738000000008810e+00
-4.299455000000008909e+00
-5.856382000000010635e+00
-5.261637000000007447e+00
-4.702642000000011535e+00
-4.193387000000001308e+00
-5.219479000000006863e+00
-5.381927000000004568e+00
-5.237475000000003433e+00
-3.612985000000008995e+00
-6.182856999999998493e+00
-5.710615999999987480e+00
-6.314665000000005080e+00
-4.816888000000005832e+00
-4.599426000000008230e+00
-4.570899000000011370e+00
-6.068986999999992804e+00
-4.291544999999999277e+00
-4.691072000000005460e+00
-4.300111000000015338e+00
-5.262855000000001837e+00
-3.190943000000004304e+00
-5.066840999999996598e+00
-5.067279999999996676e+00
-4.162637000000003695e+00
-4.064440000000004716e+00
-4.653418999999999528e+00
-5.875677000000010253e+00
-5.173717000000010557e+00
-4.890886000000008949e+00
-5.613055000000002792e+00
-4.642614000000008900e+00
-5.084946000000002186e+00
-3.924919000000002711e+00
-4.576560999999998103e+00
-4.944693000000000893e+00
-4.599405000000004407e+00
-4.310496999999998025e+00
-4.613694000000009510e+00
-3.888262000000011653e+00
-4.488894999999999413e+00
-4.296217999999996096e+00
-3.798953999999994835e+00
-4.312078000000013844e+00
-5.493312000000003081e+00
-5.659451000000004228e+00
-4.970694000000008828e+00
-5.784135000000006244e+00
-4.942776000000009162e+00
-4.371905000000012365e+00
-3.839911000000000740e+00
-4.690561999999999898e+00
-5.318762000000006651e+00
-4.659818000000015559e+00
-4.258292000000011512e+00
-4.778074000000017918e+00
-3.926015000000006694e+00
-5.390287000000000717e+00
-3.960854999999995130e+00
-5.554135000000002265e+00
-5.453735000000008881e+00
-5.213715000000007649e+00
-5.144493999999994571e+00
-4.704044000000010328e+00
-5.131104000000007659e+00
-5.802523000000007869e+00
-5.488503000000008569e+00
-4.537288000000003763e+00
-3.345781000000002336e+00
-3.325943000000009420e+00
-3.374596000000011031e+00
-3.550290000000003943e+00
-3.992892999999995141e+00
-3.473097000000009871e+00
-3.260112000000006560e+00
-3.493864000000002079e+00
-3.417467000000016242e+00
-3.389696000000000708e+00
-3.260941000000002532e+00
-3.999480000000005475e+00
-3.618865000000013765e+00
-3.998127999999994131e+00
-3.339005999999997698e+00
-3.259950000000003456e+00
-3.424698000000006459e+00
-3.260605999999995674e+00
-2.913408000000003995e+00
-3.466576000000003432e+00
-3.260546000000005051e+00
-3.282389000000009105e+00
-3.347560000000015634e+00
-3.370424999999997340e+00
-3.341510999999997011e+00
-3.992945000000005962e+00
-3.619033000000015932e+00
-3.148046000000007894e+00
-3.260538999999994303e+00
-3.428078999999996768e+00
-3.260045000000005189e+00
-3.490715000000008672e+00
-3.410033999999996013e+00
-3.391232000000002245e+00
-3.327664999999996098e+00
-3.099109000000012770e+00
-3.260369999999994661e+00
-3.258673000000001707e+00
-3.358544000000009078e+00
-3.552255999999999858e+00
-3.644749000000004457e+00
-3.411479999999997403e+00
-3.379261999999997101e+00
-4.451882000000011885e+00
-4.699612000000001899e+00
-4.066710999999999743e+00
