5.740705060391581682e+00
3.354194280926358740e+00
3.058941526347464634e+00
4.390264325800146139e+00
4.444408980569661161e+00
5.498377204264835783e+00
4.635752118836762747e+00
3.560765758662335134e+00
3.353692112363556355e+00
3.073914536154130683e+00
5.082833759073515978e+00
4.565721541678268380e+00
4.775003112576865938e+00
4.194515770499885221e+00
4.510313945679485848e+00
4.461269367341728298e+00
3.781724216171553632e+00
4.160241945594970403e+00
4.386182617118773663e+00
4.446506338615491494e+00
4.799158238725241610e+00
2.946017179413489284e+00
3.451446080636446645e+00
3.504125448068816873e+00
4.848261273809725047e+00
3.332694312062348008e+00
4.754299868376469895e+00
3.477014644711917679e+00
4.580563218003991466e+00
4.087160416026108578e+00
4.487740856236097642e+00
3.646609335984967171e+00
4.570346673419265038e+00
4.704213431685509761e+00
4.832939813632472159e+00
3.868976246496727889e+00
3.065386022107958741e+00
4.065357868616211512e+00
4.605834039838700100e+00
5.770453402733675574e+00
2.733036095522264119e+00
4.427002548875178078e+00
4.707883384403231730e+00
4.453770053796575645e+00
4.182141540554804138e+00
5.691931531600516792e+00
3.418309547688617833e+00
3.712097825829299591e+00
4.612617007819040715e+00
2.944041704394430248e+00
5.170206353657129661e+00
3.761363564728612996e+00
4.027568855159124439e+00
3.979801134561983478e+00
4.677918725722898685e+00
4.865653521029975614e+00
4.697918714084721614e+00
4.762386358842948475e+00
3.998429413319191550e+00
4.957232128348342037e+00
5.089948154954606174e+00
2.580296198736026447e+00
4.551592430400415168e+00
4.099686324598064147e+00
4.548798478136078849e+00
4.606648518753721611e+00
4.604234495353307643e+00
5.510854573872800088e+00
6.042070249130238047e+00
3.043819211435934147e+00
3.769501574749805517e+00
3.496687318207275741e+00
4.190529070739315465e+00
4.125607013960642888e+00
3.022440205458175821e+00
2.429765940754586406e+00
3.858563272689504942e+00
2.621603798819565068e+00
4.067981376432886265e+00
4.336594811152380657e+00
4.291341463228021347e+00
4.267123378228345310e+00
4.350151778201150954e+00
2.568815434983545032e+00
4.458056586245248809e+00
5.731823752494768165e+00
3.668273696136186590e+00
2.578415105514949790e+00
4.439031294407608463e+00
4.306736970193007608e+00
3.756601700438161551e+00
2.860699182434428334e+00
4.530950485911382053e+00
5.441796062970370329e+00
2.490253136403656864e+00
2.580356186919871675e+00
5.203054347444058259e+00
4.705415261630677470e+00
4.522492760939453404e+00
2.976143996971380545e+00
2.642903676119474632e+00
3.643782086317473468e+00
4.249930271665014025e+00
3.496813186812309127e+00
4.384385583312707446e+00
3.542003318020233493e+00
2.638768027117532000e+00
4.320765043842465403e+00
4.491123858169287608e+00
3.520545090599272786e+00
4.404144976219074969e+00
4.443703208352062894e+00
4.828989431665998033e+00
2.780995702042491136e+00
4.517694426946457398e+00
3.432220795982900530e+00
4.249430712925439835e+00
2.862248167313128810e+00
4.950072417005917380e+00
4.435238048474371197e+00
4.503347937883960483e+00
4.147715976466739285e+00
4.271288365533756348e+00
4.687594553733799074e+00
3.443779068198989712e+00
4.256163201406787167e+00
5.285406812906405349e+00
2.553220982440129738e+00
2.551943362896759826e+00
3.685810517680157439e+00
4.924136349417497449e+00
2.666866869269453044e+00
3.998429413319191550e+00
5.203054347444058259e+00
2.827495770868822422e+00
4.517694426946457398e+00
4.612617007819040715e+00
3.401095079345631600e+00
2.580356186919871675e+00
2.666866869269453044e+00
4.950072417005917380e+00
4.848261273809725047e+00
3.892122552729032847e+00
2.638768027117532000e+00
4.461269367341728298e+00
5.482961869656841181e+00
3.265579327873891380e+00
4.604234495353307643e+00
5.342294386161386299e+00
5.498377204264835783e+00
3.496687318207275741e+00
4.067981376432886265e+00
2.733036095522264119e+00
4.530950485911382053e+00
4.503347937883960483e+00
2.429765940754586406e+00
2.780995702042491136e+00
4.748043613205335411e+00
4.131141738918414852e+00
4.957232128348342037e+00
3.493156182644191698e+00
5.731823752494768165e+00
4.302785609676981871e+00
3.781724216171553632e+00
4.161220618118895764e+00
3.032403873342401024e+00
3.353692112363556355e+00
4.012916217463843083e+00
4.697918714084721614e+00
4.306736970193007608e+00
4.491123858169287608e+00
4.799158238725241610e+00
5.691931531600516792e+00
5.956766850947838421e+00
4.384385583312707446e+00
5.740705060391581682e+00
4.865653521029975614e+00
4.565721541678268380e+00
4.350151778201150954e+00
4.832939813632472159e+00
4.435238048474371197e+00
4.190529070739315465e+00
2.976143996971380545e+00
6.072449599634078155e+00
2.561135462161606036e+00
4.443703208352062894e+00
4.160241945594970403e+00
4.256163201406787167e+00
4.762386358842948475e+00
3.032258232542430321e+00
2.490253136403656864e+00
3.643782086317473468e+00
2.551943362896759826e+00
5.089948154954606174e+00
4.580563218003991466e+00
4.704213431685509761e+00
4.664204249021445925e+00
4.386182617118773663e+00
4.570346673419265038e+00
4.027568855159124439e+00
4.687594553733799074e+00
4.705415261630677470e+00
2.509704232083668884e+00
3.832377920692566775e+00
4.256968037109127856e+00
3.088381357305742814e+00
2.511776584746728158e+00
4.819307655646922761e+00
3.259261274714326806e+00
2.643946195981448088e+00
2.916303955202994569e+00
4.651520972099321583e+00
3.092893022544399351e+00
4.135223925187864857e+00
3.483891452924762433e+00
2.585092404973701630e+00
4.083466348812969215e+00
3.129834362597350150e+00
3.728355619422972111e+00
4.900618531280263923e+00
3.346861697114761558e+00
2.914460200318774952e+00
3.022813418938976593e+00
4.078235306613296807e+00
4.603819472723001738e+00
5.866858702153765925e+00
2.541121788228712930e+00
2.587444953950243764e+00
4.759735432208329620e+00
2.590939177209282462e+00
3.430709520450065053e+00
4.416985027977621492e+00
4.485608757914648415e+00
4.173239626836420690e+00
4.902749375142313681e+00
4.047079345508201698e+00
4.714122973351183354e+00
5.193339730433270240e+00
4.084490375523004424e+00
4.633181360141746197e+00
3.493507961820506491e+00
2.697532595824935875e+00
3.136028500808182073e+00
2.614924503428337932e+00
2.835169849883864224e+00
3.368769350278630004e+00
4.132960187323210910e+00
3.802592237994173452e+00
4.549771104391809651e+00
3.019764650418376384e+00
4.759130212809786542e+00
4.627942201899505115e+00
3.026347217074178975e+00
4.840274650281100044e+00
4.775825870908509962e+00
2.527410728078360869e+00
3.805340115694625602e+00
4.556451147420515824e+00
5.526108789666665189e+00
4.793673860335762704e+00
4.132270135589993565e+00
5.565431382779285840e+00
2.893642867378552364e+00
3.579135504711691507e+00
4.235190291921666628e+00
6.397847356636309435e+00
3.475690044455819638e+00
4.516150190498607664e+00
3.429696507122868443e+00
3.026077412025406588e+00
3.498675748855755163e+00
4.576415304905188997e+00
4.296298600640583665e+00
4.423669211715393956e+00
4.762253386750128215e+00
3.850943711696539040e+00
2.804035947958037234e+00
5.174091781379735799e+00
2.600200891306656992e+00
3.958600692171028612e+00
3.918253923341658229e+00
4.553609369916634897e+00
3.629351231880746820e+00
4.493550972151139966e+00
4.761945055983384911e+00
2.604050095263142239e+00
3.089658402996275921e+00
3.497367010508861007e+00
4.382989478031984021e+00
4.627852897975873070e+00
3.820913001299493850e+00
2.531405613044428016e+00
4.403930243043331139e+00
2.655086456034055686e+00
2.489486041046620635e+00
4.571968757819410811e+00
4.692633140212380205e+00
3.069671008069595697e+00
2.750385428116909114e+00
4.796975553653386903e+00
4.274015518115581891e+00
3.064669488305534095e+00
2.816577336724021219e+00
4.248794930107652412e+00
4.152672578794585512e+00
4.343399330831426930e+00
3.569962182126949379e+00
2.555943793710454770e+00
2.587385378711113848e+00
4.624718443221807362e+00
4.859478408685921735e+00
5.080305616013900405e+00
4.019514111020930258e+00
6.278262506060157122e+00
3.811494926863293387e+00
3.856358526551460386e+00
3.622831158757672032e+00
2.562815721042008832e+00
4.740638789836801870e+00
4.270129606593224381e+00
4.668132744284066327e+00
4.608317744735923149e+00
5.695960602535834916e+00
4.729642096044648802e+00
4.596716796748351541e+00
5.776887031191195732e+00
3.628296564632316201e+00
4.601936756709875453e+00
4.279925066463226457e+00
4.360509150518375066e+00
4.397384718269064408e+00
4.491483991416127530e+00
4.358150032876785929e+00
3.753648205773452595e+00
4.444184298360829288e+00
4.497018599504351677e+00
4.377278852780563945e+00
4.428736972493929613e+00
4.396236226101830624e+00
4.497018599504351677e+00
4.339753997886216297e+00
2.653617539138138692e+00
3.048199655375984918e+00
4.428487251300169625e+00
4.497018599504351677e+00
4.479744484553553896e+00
4.497018599504351677e+00
4.432663573180603223e+00
4.439384438365245877e+00
4.497018599504351677e+00
4.391057925846056698e+00
4.451921457923264214e+00
4.443528480940363679e+00
4.449895131826098194e+00
4.286601464045447507e+00
4.457671110962906802e+00
4.434227732126040600e+00
4.497018599504351677e+00
4.372002102667129186e+00
4.497018599504351677e+00
4.384647829496681304e+00
3.609092546784746780e+00
4.333834740640044814e+00
4.424364770322099183e+00
4.464601596529861993e+00
4.497018599504351677e+00
4.550196777975606288e+00
4.498907391445152726e+00
4.411933783005553167e+00
4.416871564089782431e+00
4.450428075319922350e+00
4.465762562798660795e+00
4.220500937920165008e+00
4.175243888037909912e+00
4.484079274614336974e+00
