-1.471125022251626335e+00
-1.344951311313866471e+00
-1.427231856300818835e+00
-1.252903291607996517e+00
-1.466190580334416849e+00
-1.127613739571062590e+00
-1.098287329158226244e+00
-9.607380729324642710e-01
-1.817704862103778130e+00
-1.533840603867765218e+00
-1.783436914513591987e+00
-1.295675409124704469e+00
-1.773370315253754104e+00
-2.373859125376927282e-01
-1.380551801740388163e+00
-1.539201151923396127e+00
-6.416710824622207987e+00
-1.225523817075997224e+00
-1.385853476484132596e+00
-5.111342640080877020e-01
-1.842450485466873067e+00
3.404237469642405478e-01
-2.030526652398622345e-01
-6.259949011619251102e+00
-9.396099029363466082e-01
-4.736822215810521652e-01
-1.321490598971578168e+00
-1.296014050437175102e+00
-1.395853924583745576e+00
-1.442247811755987597e+00
-1.358230868812390080e+00
-1.194137734163683628e+00
-1.966023461300981712e+00
-1.213530619335839722e+00
-4.219750198961612353e-02
-1.311117498142244653e+00
-1.296710241183332002e+00
-1.363030528478851311e+00
6.403996876345142697e-01
-8.230010837690062558e-03
-1.140775186599307434e+00
-8.283265034189034592e-01
-1.346817774296590109e+00
-1.212503335821607298e+00
-1.224774647576191811e+00
-1.399321828855086824e+00
3.552847095944500211e-01
-1.245998103408820112e+00
-1.806792546076315675e+00
-1.412750223605127031e+00
6.544192027529861788e-02
-1.205615921656006728e+00
-1.250503683448593417e+00
-1.424994346094827558e+00
-2.098131382513114818e-01
-1.445064794501051963e+00
-1.963474268801927103e+00
-1.391939302131470102e+00
-1.890914257895660811e+00
-1.204905442359054168e+00
-9.523659283822848431e-01
-1.190513249995506007e+00
-2.195102743457699734e-01
-1.924610784073084169e-01
-1.203036182081565153e+00
-1.453523373809239239e+00
-1.735268683245879906e+00
-8.209552873723106187e-03
-1.084549790929498769e+00
-9.749801396538012588e-01
-1.399588112086092906e+00
-1.467223595554388860e+00
-1.409168229701182717e+00
-6.304683726985043535e+00
3.105080136140545011e-01
-1.710363621592187355e+00
2.333398490226573918e-01
-1.108882708481439439e+00
-1.825010881729554058e+00
-1.535739385121152711e+00
-9.787242995393313771e-01
-9.126354126460513028e-01
-1.196968379946856675e+00
-1.417643744128795236e+00
2.991093919260596756e-01
-1.759386760684158446e+00
-7.805364985029891400e+00
-1.312206422756651003e+00
-1.167156793417760241e+00
-1.230713906837431315e+00
-1.393722503859439854e+00
-5.726259418043082583e-01
-6.399677803962506850e+00
-1.213734512311005043e+00
-1.390558178261224631e+00
-1.713139731427080648e+00
-1.489409546520540584e+00
-1.212680895421950567e+00
2.831683663546668006e-01
-6.381541820659964337e+00
-1.511262818969187904e+00
-1.807882914416796050e+00
-1.783767732167164555e+00
-1.471319329745161442e+00
-1.764845022966976318e+00
3.072057895552201545e-01
-6.387832967320615118e+00
-1.595362678446679283e-01
-6.210063833564071878e+00
-1.793220652970563211e+00
2.548422562729976693e-01
-1.795879545288502799e+00
-1.861344739148912408e-01
-1.334114221816120827e+00
-8.644936569438130824e-01
-1.259080621048081383e+00
4.674206722990180141e-01
-3.214871732530267590e+00
-1.496728857096486065e+00
-1.457792322264904072e+00
-1.225841949274935505e+00
-2.292174368318113942e-01
-5.463199174187894913e-01
-1.949815810535414862e+00
-1.470666264518227795e+00
-1.444748586441575888e+00
-3.414635089063428747e-02
-1.196175128558686351e+00
-1.350310591953679751e+00
-1.496512513488729823e+00
-2.585222007607895778e-01
-1.660200119180096801e+00
-1.890914257895660811e+00
-1.489409546520540584e+00
-1.882369493889484380e+00
-8.644936569438130824e-01
-1.806792546076315675e+00
-1.827739054404342367e+00
-1.713139731427080648e+00
-1.660200119180096801e+00
-1.496728857096486065e+00
-9.396099029363466082e-01
-1.861285697750840074e+00
-6.387832967320615118e+00
-1.539201151923396127e+00
-8.055841923814217598e-01
-3.100155108586381658e+00
-1.735268683245879906e+00
-1.027875240771689791e+00
-1.127613739571062590e+00
-1.467223595554388860e+00
-1.825010881729554058e+00
-1.140775186599307434e+00
-6.399677803962506850e+00
-1.225841949274935505e+00
-1.710363621592187355e+00
-1.334114221816120827e+00
-3.022167998763830354e+00
-1.819538823157799801e+00
-1.204905442359054168e+00
-2.933127062107454996e+00
-1.759386760684158446e+00
-2.977214354854980982e+00
-6.416710824622207987e+00
-2.982848772764054246e+00
-1.743776026594049400e+00
-1.817704862103778130e+00
-1.814964614593121084e+00
-1.963474268801927103e+00
-1.230713906837431315e+00
-6.210063833564071878e+00
-1.842450485466873067e+00
-1.399321828855086824e+00
-7.630438742219478598e-01
-1.764845022966976318e+00
-1.471125022251626335e+00
-1.445064794501051963e+00
-1.295675409124704469e+00
-1.196968379946856675e+00
-4.219750198961612353e-02
-1.457792322264904072e+00
-1.409168229701182717e+00
-6.381541820659964337e+00
-8.117964200322399515e-01
-1.815274594969913391e+00
-1.795879545288502799e+00
-1.225523817075997224e+00
-1.444748586441575888e+00
-1.391939302131470102e+00
-1.824917859453069058e+00
-1.390558178261224631e+00
-1.807882914416796050e+00
-1.350310591953679751e+00
-9.523659283822848431e-01
-1.395853924583745576e+00
-1.213530619335839722e+00
-1.689877968983181766e+00
-1.385853476484132596e+00
-1.966023461300981712e+00
-1.250503683448593417e+00
-1.949815810535414862e+00
-1.212680895421950567e+00
-1.685207896305081166e+00
-1.684321575248719061e+00
-6.124627231307446351e+00
-1.787637928926663289e+00
-1.365395108376346700e+00
-1.869070510426585452e+00
1.902142851143256541e+00
-1.143294711864371038e+00
3.154676757412520072e-01
-1.879499023726574958e+00
-4.259013615436614830e-01
-9.018349371679600379e-01
-1.799120807119108489e+00
-1.315861542639794379e+00
-1.831542923694835734e+00
-1.793185395033871643e+00
4.535372441632136709e-01
-1.824320732063523520e+00
-1.445150826261228927e+00
-6.269993454698036039e+00
-1.644976432208089978e+00
-6.215294170194908929e+00
-1.358654150528799232e+00
-1.493423845394574734e+00
-2.981006947476442015e+00
-1.405255606743228469e+00
-1.121617110917485949e+00
-1.805866272874229850e+00
-1.430918234156681290e+00
-2.974265744389337218e+00
-1.427640420223210027e+00
-3.232666255645777476e+00
-1.404703446519077970e+00
-4.321684550954433823e-01
-6.270604423599189126e+00
1.258381009235447212e-01
-1.569507081130715465e+00
-6.264854006804177367e+00
-1.828362975991132400e+00
-3.070775964374920619e+00
-2.966178151304375454e+00
-6.210364219152289422e+00
-1.881529171560093028e+00
-4.031136295595604824e-01
-3.977189506256681439e-01
-1.362515471984480087e+00
-7.039529824606087782e-01
-1.370833089464382093e+00
-1.703045036845275417e+00
-1.215849865434957655e+00
-1.505360691192913603e+00
-1.163375195011923990e+00
-4.601630743974587379e-01
-1.176530347093247997e+00
-1.437418038230920070e+00
-5.232966193941436250e-01
-1.227807908866465292e+00
-1.352404443592547967e+00
-1.811180705483450559e+00
-1.359121160349272106e+00
-5.042522548401667803e-01
2.775316967131231660e-01
-1.035935232449647136e+00
-1.459807270102732257e+00
-1.228351223807870651e+00
-1.350668516552775422e+00
-1.087158314454047980e+00
3.391554150197887973e-01
-6.207581332942978314e+00
-3.635727473299885659e-01
1.399919463232888184e+00
1.353351717985278035e-01
-1.468300033264286375e+00
-1.208865408616513593e+00
-1.337557686457047978e+00
4.549618859957789141e-01
-4.465824080415504715e-01
-1.510685599375472199e+00
-1.842873125405517065e+00
3.228027363893326007e-01
-2.975776270704313831e+00
-1.709722919127310226e+00
-1.501078114029888999e+00
-1.590546952642363010e+00
-6.237187369674595416e+00
-1.403992844693622066e+00
3.971129326788595537e-01
-1.176052437082777180e+00
-1.656404302014304442e+00
-9.922432361578047422e-01
-1.683071943537806092e+00
-1.544194428167140920e+00
-1.750018965048823594e+00
-1.353852089287194582e+00
-1.431078477664713855e+00
-1.378795387730271882e+00
-1.160192921249948439e+00
-1.773764543864847942e+00
-1.805172271934101014e+00
-1.200121412669564513e+00
-1.445182269261981567e+00
-2.991204300505735603e+00
-1.382395620046329210e+00
-1.318779510591355120e+00
-1.329190281502882209e+00
-1.589958376715991051e+00
-9.129200508046296791e-01
-1.620091008439939362e+00
-6.199908026241379488e+00
-2.998790723160053684e+00
-1.378458508243198821e+00
-9.881660557958598101e-01
-1.399305414103122036e+00
-6.261101150239901436e+00
-1.682263620227779866e+00
-1.697037481108702339e+00
-1.149600485668370586e+00
-1.805888048159155934e+00
3.478713143091499149e-01
3.579907615342624999e-02
-1.059087479516721109e+00
-1.323387548773583555e+00
-1.370974610758306955e+00
-9.470952387211765133e-01
1.363914515796302407e+00
-1.041346651177339044e+00
-1.396435317691052447e+00
-2.547741303717966588e+00
-2.466193052529434659e+00
-2.309473770867738640e+00
-2.282136467328286233e+00
-2.326904679115494368e+00
-2.395703799444429016e+00
-2.540189901199075617e+00
-2.265824078982341838e+00
-2.219729253381065970e+00
-2.552144952926483246e+00
-2.540189901199075617e+00
-1.228529119370911582e+00
-2.468215820670488725e+00
-2.333284416495709390e+00
-2.267706822850248827e+00
-2.540189901199075617e+00
-2.370409886796533971e+00
-2.540189901199075617e+00
-2.559744963672991869e+00
-2.304581784500432384e+00
-2.540189901199075617e+00
-2.396308425598344893e+00
-2.566485616335170583e+00
-2.562722876184997833e+00
-2.588052706603114039e+00
-1.335829275483568335e+00
-6.329417728137776145e+00
-2.573987149779784822e+00
-2.540189901199075617e+00
-2.335188623896269355e+00
-2.540189901199075617e+00
-2.278137185305536772e+00
-2.612282493415899243e+00
-2.488929612389069401e+00
-2.358268688144360858e+00
-2.533799392856824539e+00
-2.540189901199075617e+00
-2.625757063987778750e+00
-2.324516280686454550e+00
-2.355120364412544465e+00
-2.413435217665284238e+00
-2.158350276698799863e+00
-2.387015683686135148e+00
-1.084225436432873835e+00
-1.357560377019730424e+00
-2.187444711247415352e+00
