4.290000000000000036e+00
2.464999999999999858e+00
1.935000000000000053e+00
2.737499999999999822e+00
3.937500000000000000e+00
4.565000000000000391e+00
2.142500000000000071e+00
3.665000000000000036e+00
2.169999999999999929e+00
3.830000000000000071e+00
4.312500000000000000e+00
2.882500000000000284e+00
4.167500000000000426e+00
5.115000000000000213e+00
2.612499999999999822e+00
4.514999999999999680e+00
1.540000000000000036e+00
2.529999999999999805e+00
3.222499999999999698e+00
3.057500000000000107e+00
3.477500000000000036e+00
2.839999999999999858e+00
4.620000000000000107e+00
1.899999999999999911e+00
4.297500000000000320e+00
2.639999999999999680e+00
2.357499999999999929e+00
3.604999999999999982e+00
3.032499999999999751e+00
3.464999999999999858e+00
2.042499999999999982e+00
3.245000000000000107e+00
2.442499999999999893e+00
2.667499999999999982e+00
5.577499999999999680e+00
2.600000000000000089e+00
2.060000000000000053e+00
2.745000000000000107e+00
5.807500000000000107e+00
6.102500000000000036e+00
1.669999999999999929e+00
3.917499999999999982e+00
2.232499999999999929e+00
2.167499999999999982e+00
3.740000000000000213e+00
5.195000000000000284e+00
2.884999999999999787e+00
2.104999999999999982e+00
3.332499999999999574e+00
2.924999999999999822e+00
6.264999999999999680e+00
1.889999999999999902e+00
2.384999999999999787e+00
2.475000000000000089e+00
5.252500000000000391e+00
3.747499999999999609e+00
1.872500000000000053e+00
2.757500000000000284e+00
2.305000000000000160e+00
4.022499999999999964e+00
4.442499999999999893e+00
1.804999999999999938e+00
3.117499999999999716e+00
4.682500000000000107e+00
1.952499999999999902e+00
3.602500000000000036e+00
3.597500000000000142e+00
3.967499999999999805e+00
4.727500000000000036e+00
3.620000000000000107e+00
2.969999999999999751e+00
3.329999999999999627e+00
2.620000000000000107e+00
2.180000000000000160e+00
2.439999999999999947e+00
2.614999999999999769e+00
3.379999999999999893e+00
3.025000000000000355e+00
2.450000000000000178e+00
4.370000000000000107e+00
4.392500000000000071e+00
3.727500000000000036e+00
3.497500000000000053e+00
1.895000000000000018e+00
3.517500000000000071e+00
4.855000000000000426e+00
2.595000000000000195e+00
2.020000000000000018e+00
3.307500000000000107e+00
3.885000000000000231e+00
1.979999999999999982e+00
2.060000000000000053e+00
1.602500000000000036e+00
3.299999999999999822e+00
2.884999999999999787e+00
3.450000000000000178e+00
4.652499999999999858e+00
3.877500000000000391e+00
3.662499999999999645e+00
1.495000000000000107e+00
3.790000000000000036e+00
3.895000000000000018e+00
4.030000000000000249e+00
3.472499999999999698e+00
3.787500000000000089e+00
2.484999999999999876e+00
1.455000000000000071e+00
2.737499999999999822e+00
2.317499999999999893e+00
2.312500000000000000e+00
2.547499999999999876e+00
4.174999999999999822e+00
3.262500000000000178e+00
1.760000000000000009e+00
4.582500000000000462e+00
2.250000000000000000e+00
2.947499999999999787e+00
2.669999999999999929e+00
4.507500000000000284e+00
4.127500000000000391e+00
2.522499999999999964e+00
2.979999999999999982e+00
2.912499999999999645e+00
2.587500000000000355e+00
2.339999999999999858e+00
3.609999999999999876e+00
5.940000000000000391e+00
3.160000000000000142e+00
2.750000000000000000e+00
3.875000000000000000e+00
5.397499999999999964e+00
3.315000000000000391e+00
2.305000000000000160e+00
4.652499999999999858e+00
1.590000000000000080e+00
4.582500000000000462e+00
3.332499999999999574e+00
3.059999999999999609e+00
3.450000000000000178e+00
3.315000000000000391e+00
4.507500000000000284e+00
4.297500000000000320e+00
1.810000000000000053e+00
1.455000000000000071e+00
4.514999999999999680e+00
4.985000000000000320e+00
2.799999999999999822e+00
3.597500000000000142e+00
5.107499999999999929e+00
4.565000000000000391e+00
3.329999999999999627e+00
2.450000000000000178e+00
1.669999999999999929e+00
1.602500000000000036e+00
2.522499999999999964e+00
2.614999999999999769e+00
1.760000000000000009e+00
3.617499999999999716e+00
3.339999999999999858e+00
4.022499999999999964e+00
3.344999999999999751e+00
4.855000000000000426e+00
3.625000000000000000e+00
1.540000000000000036e+00
3.479999999999999982e+00
2.654999999999999805e+00
2.169999999999999929e+00
3.194999999999999840e+00
1.872500000000000053e+00
3.885000000000000231e+00
2.317499999999999893e+00
3.477500000000000036e+00
5.195000000000000284e+00
5.147499999999999964e+00
3.787500000000000089e+00
4.290000000000000036e+00
3.747499999999999609e+00
2.882500000000000284e+00
3.497500000000000053e+00
5.577499999999999680e+00
4.127500000000000391e+00
2.620000000000000107e+00
1.495000000000000107e+00
5.812500000000000000e+00
1.725000000000000089e+00
4.174999999999999822e+00
2.529999999999999805e+00
3.609999999999999876e+00
2.757500000000000284e+00
1.765000000000000124e+00
2.884999999999999787e+00
3.895000000000000018e+00
2.750000000000000000e+00
4.442499999999999893e+00
3.032499999999999751e+00
2.667499999999999982e+00
2.762499999999999734e+00
3.222499999999999698e+00
2.442499999999999893e+00
2.384999999999999787e+00
2.587500000000000355e+00
3.877500000000000391e+00
2.479999999999999982e+00
2.699999999999999734e+00
2.180000000000000160e+00
2.654999999999999805e+00
2.884999999999999787e+00
2.587500000000000355e+00
5.490000000000000213e+00
3.655000000000000249e+00
2.839999999999999858e+00
2.442499999999999893e+00
2.234999999999999876e+00
4.304999999999999716e+00
2.169999999999999929e+00
2.750000000000000000e+00
2.305000000000000160e+00
1.765000000000000124e+00
2.484999999999999876e+00
3.477500000000000036e+00
2.339999999999999858e+00
1.320000000000000062e+00
3.490000000000000213e+00
2.035000000000000142e+00
3.032499999999999751e+00
4.290000000000000036e+00
2.899999999999999911e+00
1.895000000000000018e+00
2.142500000000000071e+00
1.725000000000000089e+00
3.472499999999999698e+00
3.625000000000000000e+00
2.737499999999999822e+00
2.935000000000000053e+00
3.747499999999999609e+00
2.774999999999999911e+00
1.602500000000000036e+00
4.205000000000000071e+00
2.745000000000000107e+00
2.172500000000000320e+00
3.059999999999999609e+00
2.765000000000000124e+00
2.939999999999999947e+00
1.455000000000000071e+00
1.590000000000000080e+00
2.639999999999999680e+00
2.919999999999999929e+00
2.969999999999999751e+00
4.582500000000000462e+00
2.924999999999999822e+00
2.762499999999999734e+00
1.952499999999999902e+00
2.060000000000000053e+00
2.667499999999999982e+00
3.057500000000000107e+00
1.804999999999999938e+00
2.104999999999999982e+00
2.912499999999999645e+00
3.299999999999999822e+00
2.757500000000000284e+00
3.194999999999999840e+00
3.424999999999999822e+00
2.060000000000000053e+00
2.884999999999999787e+00
3.885000000000000231e+00
4.452499999999999680e+00
2.250000000000000000e+00
2.612499999999999822e+00
3.604999999999999982e+00
2.439999999999999947e+00
1.899999999999999911e+00
2.737499999999999822e+00
7.892500000000000959e+00
3.137499999999999734e+00
2.882500000000000284e+00
1.889999999999999902e+00
1.760000000000000009e+00
6.495000000000000107e+00
2.194999999999999840e+00
2.600000000000000089e+00
1.810000000000000053e+00
2.547499999999999876e+00
3.344999999999999751e+00
3.787500000000000089e+00
2.357499999999999929e+00
2.020000000000000018e+00
1.495000000000000107e+00
3.329999999999999627e+00
2.947499999999999787e+00
2.522499999999999964e+00
3.535000000000000142e+00
3.160000000000000142e+00
4.174999999999999822e+00
3.315000000000000391e+00
2.614999999999999769e+00
2.167499999999999982e+00
3.602500000000000036e+00
1.935000000000000053e+00
1.669999999999999929e+00
3.332499999999999574e+00
2.450000000000000178e+00
1.844999999999999973e+00
1.885000000000000009e+00
3.479999999999999982e+00
2.620000000000000107e+00
4.514999999999999680e+00
4.235000000000000320e+00
3.450000000000000178e+00
3.025000000000000355e+00
3.597500000000000142e+00
2.317499999999999893e+00
3.762500000000000178e+00
2.475000000000000089e+00
5.357499999999999929e+00
1.979999999999999982e+00
1.540000000000000036e+00
3.895000000000000018e+00
2.479999999999999982e+00
3.877500000000000391e+00
3.339999999999999858e+00
5.807500000000000107e+00
3.662499999999999645e+00
5.195000000000000284e+00
2.232499999999999929e+00
2.042499999999999982e+00
4.565000000000000391e+00
7.260000000000000675e+00
3.307500000000000107e+00
3.609999999999999876e+00
3.620000000000000107e+00
3.899999999999999911e+00
3.899999999999999911e+00
3.899999999999999911e+00
3.259999999999999787e+00
3.899999999999999911e+00
3.899999999999999911e+00
3.899999999999999911e+00
3.899999999999999911e+00
3.899999999999999911e+00
3.899999999999999911e+00
3.214999999999999858e+00
3.040000000000000036e+00
3.214999999999999858e+00
3.899999999999999911e+00
3.899999999999999911e+00
3.899999999999999911e+00
3.899999999999999911e+00
3.899999999999999911e+00
3.899999999999999911e+00
3.899999999999999911e+00
3.899999999999999911e+00
3.620000000000000107e+00
3.899999999999999911e+00
3.899999999999999911e+00
3.260000000000000231e+00
3.040000000000000036e+00
3.762500000000000178e+00
3.899999999999999911e+00
3.899999999999999911e+00
3.899999999999999911e+00
3.899999999999999911e+00
3.619999999999999662e+00
3.899999999999999911e+00
3.899999999999999911e+00
3.899999999999999911e+00
3.899999999999999911e+00
3.899999999999999911e+00
3.899999999999999911e+00
3.899999999999999911e+00
3.899999999999999911e+00
3.620000000000000107e+00
3.899999999999999911e+00
3.892500000000000071e+00
3.797499999999999876e+00
3.899999999999999911e+00
