3.923118158500133568e+00
4.644601876136864149e+00
3.792652222005677309e+00
4.501155446404914606e+00
5.440838991673075498e+00
4.560506048004127955e+00
2.984981897108599735e+00
5.146873591172813178e+00
2.621808512922817691e+00
5.537243995199068181e+00
4.967202358716446220e+00
4.548870471366955215e+00
4.890793818867291698e+00
5.375940681381675468e+00
3.765484929044772056e+00
5.659799730227045522e+00
2.559637280790981073e+00
3.136773813547609091e+00
3.791926726340791198e+00
4.952052199211415484e+00
3.442834865739852201e+00
4.367987277541899971e+00
5.247140295706546276e+00
2.612376093706883395e+00
5.165825444646015896e+00
4.999107250619180931e+00
4.524934245285969325e+00
4.786066100281239244e+00
3.991518637748364906e+00
4.079032641678812077e+00
3.711146600208145685e+00
4.590649979115454471e+00
2.431911632731158512e+00
3.064977779339007835e+00
5.742136450477222986e+00
4.597521928241447675e+00
4.576425601191087544e+00
4.645635571878425907e+00
4.993658764765409153e+00
5.060049697190343920e+00
3.099074913190486225e+00
5.001219808828405888e+00
3.688665807073223224e+00
4.482643304136137985e+00
4.646853359623296598e+00
5.493749856332056147e+00
4.345830302640182552e+00
4.488092412582324719e+00
3.274835949822172854e+00
4.031197327671771191e+00
5.667526718949241982e+00
3.007456055739150536e+00
3.125743980260623722e+00
3.820552503588802384e+00
5.221636656082639050e+00
4.115519265344955713e+00
2.550191630370372220e+00
3.816456714995669408e+00
2.525814140708828592e+00
4.631920227872328155e+00
5.171972446406843282e+00
3.121202053976299240e+00
4.160317191265177073e+00
5.257548531430481731e+00
3.003308589468088652e+00
4.030229373799889991e+00
4.875798922956902537e+00
4.005236886631613480e+00
4.548393733345355017e+00
5.159731083450668443e+00
4.011944281969976878e+00
4.120899183561568258e+00
3.873161535262281685e+00
2.602958868228775646e+00
4.634570131102282886e+00
3.422792006635341444e+00
4.265553048113154055e+00
4.648053466427753300e+00
2.610854643202296543e+00
5.554268604844264878e+00
5.865180209816785784e+00
5.115482285734261225e+00
4.504972345117951527e+00
3.823491157202490776e+00
4.115308046165108813e+00
4.816895799536720979e+00
2.800477811909136250e+00
4.598820115516621954e+00
4.560862132255406820e+00
4.727694790944287462e+00
3.749429703397940017e+00
4.980879201734119910e+00
2.531568839318554254e+00
3.472605010463568398e+00
4.072130484000147099e+00
4.923912474923016092e+00
5.509232381539105994e+00
4.602964296647955145e+00
4.250135547285544213e+00
2.622205968949397281e+00
5.543297723495987483e+00
4.965405352395547034e+00
4.920871512102634071e+00
4.277284635384413392e+00
4.677899382598863731e+00
4.669843287352386518e+00
2.644401772393882410e+00
4.113105036926423708e+00
2.537814742006292423e+00
2.667570049571303947e+00
4.639792215156981037e+00
5.025492320869591190e+00
4.217480498112786691e+00
3.787374277714896653e+00
5.735944616948237318e+00
3.159299259364332535e+00
4.328430544134379332e+00
2.910002292511010502e+00
5.489719601683794359e+00
5.422047790491621555e+00
3.009971546560848754e+00
4.270573791784054052e+00
4.935652773322339648e+00
2.545239894557586258e+00
3.941234192267193404e+00
4.135464352057850235e+00
5.120325519118763324e+00
4.643165730954658343e+00
4.088366146152079494e+00
5.463028099019114237e+00
5.307027254769243640e+00
4.971581936044850103e+00
2.525814140708828592e+00
5.509232381539105994e+00
2.607887548200694017e+00
5.735944616948237318e+00
3.274835949822172854e+00
3.468929553281207667e+00
4.923912474923016092e+00
4.971581936044850103e+00
5.489719601683794359e+00
5.165825444646015896e+00
2.513266511029183192e+00
2.644401772393882410e+00
5.659799730227045522e+00
5.079040699053910757e+00
2.804569899885760886e+00
4.875798922956902537e+00
5.940862109465377294e+00
4.560506048004127955e+00
4.120899183561568258e+00
2.610854643202296543e+00
3.099074913190486225e+00
2.531568839318554254e+00
3.009971546560848754e+00
3.422792006635341444e+00
3.787374277714896653e+00
3.299759888197345781e+00
3.480288560148888877e+00
4.631920227872328155e+00
3.565076027493579769e+00
4.816895799536720979e+00
3.580131138922852507e+00
2.559637280790981073e+00
3.436056800267518696e+00
3.403047777464923040e+00
2.621808512922817691e+00
3.393461983987941188e+00
2.550191630370372220e+00
4.727694790944287462e+00
2.537814742006292423e+00
3.442834865739852201e+00
5.493749856332056147e+00
5.077055531823516432e+00
4.677899382598863731e+00
3.923118158500133568e+00
4.115519265344955713e+00
4.548870471366955215e+00
4.504972345117951527e+00
5.742136450477222986e+00
5.422047790491621555e+00
3.873161535262281685e+00
2.622205968949397281e+00
5.846742119366762580e+00
2.581033578395627526e+00
5.025492320869591190e+00
3.136773813547609091e+00
4.135464352057850235e+00
3.816456714995669408e+00
2.532932141063890086e+00
4.072130484000147099e+00
4.965405352395547034e+00
4.088366146152079494e+00
5.171972446406843282e+00
3.991518637748364906e+00
3.064977779339007835e+00
3.272531664492149606e+00
3.791926726340791198e+00
2.431911632731158512e+00
3.125743980260623722e+00
2.545239894557586258e+00
4.602964296647955145e+00
3.431770823186995667e+00
3.286420462532506193e+00
2.575327757018253116e+00
3.500950557652597439e+00
4.129609349573237331e+00
2.541009961564351549e+00
4.581784784084845796e+00
5.278933331774619653e+00
4.425312528655093836e+00
2.464724490504344168e+00
5.029921238595697730e+00
5.317972714277214408e+00
2.590485717960826939e+00
4.147609984074455802e+00
2.551123313341502996e+00
2.564551321811313844e+00
4.686389679179512768e+00
3.485454144050798231e+00
3.935152057625502131e+00
2.641254307594079087e+00
4.829854344596506976e+00
2.623853650224557299e+00
4.029556923628835108e+00
3.953498047680887861e+00
3.603356815784859446e+00
3.855598456537346674e+00
3.039389657581668125e+00
2.577763575789364214e+00
4.322898357081846221e+00
3.605375111891233164e+00
4.550492696196658748e+00
2.875663769831192429e+00
4.101860606955330724e+00
5.018277464457293391e+00
2.509309382353552831e+00
4.283985614282665111e+00
4.737324807743138244e+00
2.538439740392245625e+00
3.531639264747325591e+00
3.632940435492457265e+00
3.546198786704187977e+00
2.653885838877103165e+00
2.598617243723228665e+00
5.031377651607589208e+00
5.016351392202406778e+00
4.031788329262186110e+00
5.243435328946898899e+00
4.070433707842191495e+00
3.379063678155590722e+00
3.017447473745827669e+00
4.638785057290041536e+00
3.025205406086647564e+00
5.009810331814313678e+00
3.048380270156569871e+00
4.600331727199665544e+00
4.975372582835955626e+00
3.467948176339542332e+00
3.726530477878071679e+00
3.469808086351873211e+00
4.383684875082647814e+00
5.062517353097240047e+00
4.405811999858884498e+00
4.625061143879563907e+00
4.036237341065562312e+00
3.158227740391875038e+00
3.689533073582523137e+00
4.641484612973148849e+00
4.695209473187825999e+00
2.728255124657942954e+00
4.089352843399201909e+00
5.790608646196336196e+00
4.237295580408759754e+00
4.607770685714140946e+00
3.057231016362879750e+00
3.774975475069038744e+00
5.219186592553483273e+00
5.053423315328055665e+00
4.660737452294942962e+00
2.500337798783108134e+00
4.725110255597050113e+00
3.608749276853226107e+00
4.478699921586653865e+00
4.579003031857532768e+00
4.727188648836031071e+00
2.620498922831740796e+00
4.127638405744702865e+00
4.449761960773883196e+00
3.010929415949266552e+00
4.827036537335946065e+00
4.532635550560772053e+00
4.941679312653332268e+00
4.888795156939156783e+00
3.514897072167896930e+00
4.562092195086258961e+00
4.021430519232317202e+00
3.776512775723981363e+00
3.095087466632603590e+00
3.277171121879544291e+00
2.567501793669436427e+00
3.046722000194774793e+00
4.633609408894308501e+00
3.519081194537643675e+00
3.802995456064695468e+00
5.436331746522748531e+00
5.354542147870597901e+00
4.843329806922392677e+00
4.552127581458212724e+00
4.790715471039564299e+00
2.566635848135866649e+00
3.529611806027332044e+00
3.754129600978607151e+00
4.929540180762089108e+00
3.757840541484979813e+00
2.553432870707371460e+00
4.858578748833730643e+00
3.526851415208422491e+00
4.511861532279222153e+00
3.538361317804723960e+00
5.315278620902277318e+00
4.233849044403704909e+00
5.106758960919249191e+00
3.701693404134936305e+00
3.747372820231429369e+00
4.357280360792374907e+00
5.776148624526001640e+00
4.497340321368771932e+00
4.165682783558042779e+00
4.412894504140543184e+00
4.380170260016329919e+00
4.506407742521230553e+00
4.358943924295524575e+00
4.283971143250084879e+00
4.422307719763550082e+00
4.441212482376579729e+00
4.382639694306546652e+00
4.432087471563384007e+00
4.404859165788164610e+00
4.441212482376579729e+00
3.102757502632731423e+00
4.435970443087587256e+00
4.299932531578287254e+00
4.441259810703924060e+00
4.441212482376579729e+00
4.457564897584820329e+00
4.441212482376579729e+00
4.412590882370104772e+00
4.431786841035304292e+00
4.441212482376579729e+00
4.393875506180190627e+00
4.333836883768166004e+00
4.443080360205227564e+00
4.415906680265089257e+00
3.779992608468750959e+00
2.657714607108485616e+00
4.479883473898071955e+00
4.441212482376579729e+00
4.369236115780823937e+00
4.441212482376579729e+00
4.376345916021582738e+00
4.464838001889197550e+00
4.338729313088649064e+00
4.421058415921280016e+00
4.443839810902149523e+00
4.441212482376579729e+00
4.515889189275388738e+00
4.501343616005738291e+00
4.401881246348587240e+00
4.421005483279682124e+00
3.630556172463935027e+00
4.419948984808752535e+00
4.630679266236445990e+00
5.503333514026265583e+00
4.484076997768531747e+00
