3.869172556440346078e+00
4.220731013318292035e+00
3.456759954041908944e+00
4.224547638725529630e+00
4.956089668321294717e+00
4.316047864776227705e+00
2.689124788554676293e+00
4.588247724112581416e+00
2.254435593543244742e+00
4.957465796084322029e+00
4.538733091618354365e+00
4.249329776754311894e+00
4.473638384396537049e+00
4.680393414377010508e+00
3.470738968350575160e+00
5.104416948951041810e+00
2.351547266888867505e+00
2.809612625996310342e+00
3.703699272397135811e+00
4.744669346526054987e+00
3.184265993854321852e+00
3.757953109804622827e+00
4.613306986491792827e+00
2.306413625167416992e+00
4.645887843756014490e+00
4.742820182476222612e+00
4.143256614471094501e+00
4.188099655159575718e+00
3.616437709245111876e+00
3.667082973834744131e+00
3.466062223889299521e+00
4.087627611719164555e+00
2.320908809713699839e+00
2.794526199516280229e+00
5.072458580561879593e+00
4.210130246586286873e+00
4.182663450361669533e+00
4.266717426766529542e+00
4.649012998275122044e+00
4.763356864079289821e+00
2.770971105562981318e+00
4.549094755511471355e+00
3.410790913349896147e+00
4.164033850212216059e+00
4.207810710223276907e+00
5.067074623091150087e+00
3.727276714740768604e+00
4.184735035456414565e+00
3.137848231735645754e+00
3.571183686080603881e+00
5.093029154908450984e+00
2.719993642962215574e+00
2.751591558159411033e+00
3.480474847470556021e+00
4.690411148950419218e+00
3.791936086515057092e+00
2.322580364351956916e+00
3.514265273216346852e+00
2.276996145391558368e+00
4.312101611650189348e+00
4.726976322011144482e+00
2.722136517079142060e+00
3.705862226580583840e+00
4.610579431590519306e+00
2.736153196910411367e+00
3.744848258559970500e+00
4.370646566045557790e+00
3.881891064244737510e+00
4.389198698692617917e+00
4.577102396586214539e+00
3.616067414372203359e+00
3.612802453600984620e+00
3.531545226408765004e+00
2.351044895154144498e+00
4.311834834153897233e+00
2.964458208425538643e+00
3.627421884177557843e+00
4.214954146464361173e+00
2.312961700961576383e+00
4.976205334256881940e+00
5.178677284158399452e+00
4.597910279451300042e+00
4.195809472800855922e+00
3.481892391387806374e+00
3.839517129950203778e+00
4.593786988428526286e+00
2.632341658595208855e+00
4.205287860167044478e+00
4.107000383604574090e+00
4.277850939315143819e+00
3.442613165019214438e+00
4.734849467118059430e+00
2.402728124582138580e+00
3.375386743342557061e+00
3.575565543910160571e+00
4.342211356038202297e+00
5.076248743965305898e+00
4.240199026166012075e+00
3.705497512853976882e+00
2.315932218311500979e+00
4.995920491132777030e+00
4.382848624701035867e+00
4.414223184568858649e+00
3.728642805280331540e+00
4.462531612451765994e+00
4.315666844048280382e+00
2.388833940012201840e+00
3.689159011828738954e+00
2.346356654759050642e+00
2.353066132069725480e+00
4.322009889164640128e+00
4.497382103992157099e+00
3.736487992468905617e+00
3.523183202133465475e+00
5.178092271080926956e+00
2.749659466632423221e+00
3.760315016083887407e+00
2.676295777382961649e+00
5.014504871763194593e+00
4.983148250059280748e+00
2.753086955955965642e+00
3.678157241349198969e+00
4.706940007997284070e+00
2.349956880393905490e+00
3.493808443152878418e+00
3.730068927431582804e+00
4.750756799167561439e+00
4.150164417002732975e+00
3.622935585226064070e+00
4.950752538809095604e+00
4.758597575409794445e+00
4.423283582009082338e+00
2.276996145391558368e+00
5.076248743965305898e+00
2.369829817625017210e+00
5.178092271080926956e+00
3.137848231735645754e+00
3.013479768628827049e+00
4.342211356038202297e+00
4.423283582009082338e+00
5.014504871763194593e+00
4.645887843756014490e+00
2.283982767937353220e+00
2.388833940012201840e+00
5.104416948951041810e+00
4.682490473794958419e+00
2.598026508363524112e+00
4.370646566045557790e+00
5.379489801803027049e+00
4.316047864776227705e+00
3.612802453600984620e+00
2.312961700961576383e+00
2.770971105562981318e+00
2.402728124582138580e+00
2.753086955955965642e+00
2.964458208425538643e+00
3.523183202133465475e+00
3.176142611073470956e+00
3.120045097135899947e+00
4.312101611650189348e+00
3.083451424880048197e+00
4.593786988428526286e+00
3.188783296907272025e+00
2.351547266888867505e+00
3.117421123779844816e+00
2.996029524237969088e+00
2.254435593543244742e+00
3.062617110758206973e+00
2.322580364351956916e+00
4.277850939315143819e+00
2.346356654759050642e+00
3.184265993854321852e+00
5.067074623091150087e+00
4.736966028829969311e+00
4.462531612451765994e+00
3.869172556440346078e+00
3.791936086515057092e+00
4.249329776754311894e+00
4.195809472800855922e+00
5.072458580561879593e+00
4.983148250059280748e+00
3.531545226408765004e+00
2.315932218311500979e+00
5.342998262748280602e+00
2.277102804052816953e+00
4.497382103992157099e+00
2.809612625996310342e+00
3.730068927431582804e+00
3.514265273216346852e+00
2.256101410443425159e+00
3.575565543910160571e+00
4.382848624701035867e+00
3.622935585226064070e+00
4.726976322011144482e+00
3.616437709245111876e+00
2.794526199516280229e+00
3.042780802442421439e+00
3.703699272397135811e+00
2.320908809713699839e+00
2.751591558159411033e+00
2.349956880393905490e+00
4.240199026166012075e+00
3.053722162717729116e+00
3.032732219151965669e+00
2.317501265974303504e+00
3.125418145267615966e+00
3.619889855840796145e+00
2.323158036355025491e+00
3.733061735460407871e+00
4.566275366549657377e+00
3.823014792302337650e+00
2.302977686135124102e+00
4.786935948414288156e+00
4.328614143213359355e+00
2.261472671513322208e+00
3.670297195075753471e+00
2.269337395269180213e+00
2.264728005181388060e+00
4.347036308705748198e+00
3.265915544022603534e+00
3.452291545138488793e+00
2.427128716872899439e+00
4.183915066895448120e+00
2.293273528328054756e+00
3.633001581927634671e+00
3.855487454983767215e+00
3.198800941200309556e+00
3.450040921734312427e+00
2.706239912967143724e+00
2.276202906727890607e+00
3.763485647087982944e+00
3.288777691244401780e+00
4.283360815179781511e+00
2.707083209646758970e+00
3.772819010144982776e+00
4.787851144253994384e+00
2.357780742563571508e+00
3.817221611072555199e+00
4.372609582626553859e+00
2.333105798469170100e+00
3.130505892759954722e+00
3.303849992034847194e+00
3.169392917932153608e+00
2.313695713599358328e+00
2.359475192899171070e+00
4.799671860154247405e+00
4.825911747173829092e+00
3.628523638870539969e+00
4.885972977449140942e+00
3.605944439015968506e+00
3.157110410672655743e+00
2.765281376910897482e+00
4.305467839965371191e+00
2.756345223429774283e+00
4.805970920716871930e+00
2.732938531440519458e+00
4.302324939645721713e+00
4.769113121325479376e+00
3.407740373844538428e+00
3.469776903478280605e+00
3.145743998800649699e+00
4.236881156123399883e+00
4.849527750771476242e+00
3.857816123853510248e+00
4.015991591431068208e+00
3.942916678642020223e+00
2.738209878592258395e+00
3.446025568600421085e+00
3.938012413970794601e+00
4.333582748644844607e+00
2.283298857301842233e+00
3.961264817716660058e+00
5.030586143870358740e+00
3.856876410988547832e+00
4.320698187154153658e+00
2.743972424433184898e+00
3.435295203239461692e+00
4.648611862594417055e+00
4.792135728812012552e+00
4.308065776859826279e+00
2.287229915031551819e+00
4.389937360082023510e+00
3.176864507494444378e+00
4.298162355049502281e+00
4.272505693577320685e+00
4.344514138389156344e+00
2.297389883200833705e+00
3.641585874406501055e+00
3.894770045418530113e+00
2.757457842551137794e+00
4.218617249789130774e+00
3.902185674558032336e+00
4.332416255399417437e+00
4.271221143643105123e+00
3.092323777094784454e+00
4.284822008433528673e+00
3.726016965091814459e+00
3.417019720865642984e+00
2.775330515411070120e+00
3.222439355102000302e+00
2.292263220370893251e+00
2.734806260368944031e+00
4.340735562427576077e+00
3.188788760347077478e+00
3.473749009022368828e+00
4.560088537888020710e+00
4.469223011482764463e+00
4.196096958941637922e+00
3.966781203504495146e+00
4.211420354310062564e+00
2.346945896975264123e+00
3.310456834642281354e+00
3.430215398891223622e+00
4.951521239350562986e+00
3.421978626620460595e+00
2.307411117493042063e+00
4.200939936535267094e+00
3.190785284743106853e+00
4.015528048731519029e+00
3.207142142710887267e+00
4.861309772430704612e+00
3.615600038412408512e+00
4.918391432539310770e+00
3.405223788707036903e+00
3.427232936553914033e+00
4.428920745633769585e+00
5.065251393582518524e+00
4.049665599196038634e+00
3.745347288882017622e+00
3.497689972969610039e+00
4.174203648203326900e+00
4.188611606518199970e+00
4.049707237423744388e+00
3.916824128939271787e+00
4.088465317326977377e+00
4.200783079872242531e+00
4.053815733080457839e+00
4.131914843881797417e+00
4.178783048361973229e+00
4.200783079872242531e+00
4.130654897461969455e+00
4.147729887975750707e+00
3.888889289518856707e+00
4.166455511826551827e+00
4.200783079872242531e+00
4.117677587990531407e+00
4.200783079872242531e+00
4.101583098906386837e+00
4.049788460518372268e+00
4.200783079872242531e+00
4.183735775255834177e+00
4.054341161699999141e+00
4.234027044087171454e+00
4.165672357066928733e+00
4.107550257081210354e+00
4.251092456216148285e+00
3.606143118600163788e+00
4.200783079872242531e+00
4.126056112478470261e+00
4.200783079872242531e+00
4.126983691205821536e+00
4.076922723126293668e+00
4.118866882931817130e+00
4.224959935808358935e+00
4.164736214972742268e+00
4.200783079872242531e+00
4.246383526234221328e+00
4.181253522763968000e+00
4.083512543335602984e+00
4.038397741502629756e+00
4.200716111602700309e+00
4.135179434778533114e+00
3.863240484282373099e+00
2.766175304397730628e+00
3.946286425238617834e+00
