3.719708461374224839e+00
3.783056663424671839e+00
3.833638765596747433e+00
3.753018893328279315e+00
4.425321566897245873e+00
4.008053620686169438e+00
3.723226668897131386e+00
4.294800869235998242e+00
3.557666828155923611e+00
4.420007439558997220e+00
4.098172822015173189e+00
3.737716614818867633e+00
4.131955655120464144e+00
4.323649104599676107e+00
3.826736095132347693e+00
4.377449694133782820e+00
3.782396870894768615e+00
3.682136399902554924e+00
3.744420403759352478e+00
3.627004179467279599e+00
3.496685017573326615e+00
3.997906283795391147e+00
4.313650859228019385e+00
3.786232335698309637e+00
4.311949939460317793e+00
3.655773592902868074e+00
3.812030532185722187e+00
4.052931872573241279e+00
3.810685408131052387e+00
3.807873006384258741e+00
3.843317645785406800e+00
4.061282556919180387e+00
3.601471536337776946e+00
3.644560301731883278e+00
4.625484182650417608e+00
3.765274602952779492e+00
3.795929705614367489e+00
3.747979170112000435e+00
4.103727813929679336e+00
4.221793158649226996e+00
3.742686062095109012e+00
4.308220279703173006e+00
3.845918249277801682e+00
3.801934138946332364e+00
4.042262105865746413e+00
4.406552316449887208e+00
3.981608957723117292e+00
3.786580109310178521e+00
3.535367175871954704e+00
3.835801535121774464e+00
4.586743053629262157e+00
3.703340646842162798e+00
3.700081722020507335e+00
3.838777544499303751e+00
4.293079321507993207e+00
3.757461045041354364e+00
3.658068474053606245e+00
3.795332822559640551e+00
3.580101317553320062e+00
4.007936882429408598e+00
4.262408484103795026e+00
3.721954144606339110e+00
4.156287488840730404e+00
4.312567339825213786e+00
3.721597452265628103e+00
3.770674060939025019e+00
4.175376330718430395e+00
4.108392206987080186e+00
3.985904775059208038e+00
4.266209717129519241e+00
3.809901677907927109e+00
3.856469802524566504e+00
3.798521452659734177e+00
3.758330225993335549e+00
3.955873689973633756e+00
3.626564945610216029e+00
4.002052687855938373e+00
4.050145874428315196e+00
3.514704715129303381e+00
4.396022503868437958e+00
4.688827549162270181e+00
4.288097413933081192e+00
4.020058533026459990e+00
3.836387937924983227e+00
3.964331642365154451e+00
4.106489801437572140e+00
3.463286568185539149e+00
3.815077464716291278e+00
4.051308361658398027e+00
4.014832323827470795e+00
3.838672485079501318e+00
3.687872733456199814e+00
3.765369723265333590e+00
3.814819657353820226e+00
3.849820943852887201e+00
4.185527670213996743e+00
4.359836424879171446e+00
4.026454926761681818e+00
3.982796846673826163e+00
3.774053049581545416e+00
4.427137258148619026e+00
4.167432887049376866e+00
4.143561087215910987e+00
3.835179054595584169e+00
4.147005825046569782e+00
3.946490621010541044e+00
3.764174433282487353e+00
4.092830916439512023e+00
3.723288031749127480e+00
3.537317908743359496e+00
3.949050666595782300e+00
4.133158439048081334e+00
4.146417400537017350e+00
3.850821149883097760e+00
4.705770078607153906e+00
3.712881747049375569e+00
3.966122557211420041e+00
3.447444111690329827e+00
4.400226201109920687e+00
4.437793879379639428e+00
3.694598758515700965e+00
4.179928070083055225e+00
3.658309520270364601e+00
3.535900206778861854e+00
3.837012595197082376e+00
3.809381622035667103e+00
4.268745301924768754e+00
4.058976784191697718e+00
3.813607855173328343e+00
4.419716968906623578e+00
4.291600752073167158e+00
4.191501676700521095e+00
3.580101317553320062e+00
4.359836424879171446e+00
3.637470102344003919e+00
4.705770078607153906e+00
3.535367175871954704e+00
3.613537480227708709e+00
4.185527670213996743e+00
4.191501676700521095e+00
4.400226201109920687e+00
4.311949939460317793e+00
3.650909188311826092e+00
3.764174433282487353e+00
4.377449694133782820e+00
4.266653119044549136e+00
3.423541314251908219e+00
4.175376330718430395e+00
4.650417544577647000e+00
4.008053620686169438e+00
3.856469802524566504e+00
3.514704715129303381e+00
3.742686062095109012e+00
3.765369723265333590e+00
3.694598758515700965e+00
3.626564945610216029e+00
3.850821149883097760e+00
3.693991468575711146e+00
3.561909906777766643e+00
4.007936882429408598e+00
3.714965102284574883e+00
4.106489801437572140e+00
3.670204653310983556e+00
3.782396870894768615e+00
3.701938745738745151e+00
3.596205021771151866e+00
3.557666828155923611e+00
3.567456406924761847e+00
3.658068474053606245e+00
4.014832323827470795e+00
3.723288031749127480e+00
3.496685017573326615e+00
4.406552316449887208e+00
4.243835702780543784e+00
4.147005825046569782e+00
3.719708461374224839e+00
3.757461045041354364e+00
3.737716614818867633e+00
4.020058533026459990e+00
4.625484182650417608e+00
4.437793879379639428e+00
3.798521452659734177e+00
3.774053049581545416e+00
4.638454344347144875e+00
3.624525911456304428e+00
4.133158439048081334e+00
3.682136399902554924e+00
3.809381622035667103e+00
3.795332822559640551e+00
3.623068162332425235e+00
3.849820943852887201e+00
4.167432887049376866e+00
3.813607855173328343e+00
4.262408484103795026e+00
3.810685408131052387e+00
3.644560301731883278e+00
3.595857562396328255e+00
3.744420403759352478e+00
3.601471536337776946e+00
3.700081722020507335e+00
3.535900206778861854e+00
4.026454926761681818e+00
3.604196470447350809e+00
3.574222712066748020e+00
3.789958012448108704e+00
3.769734542402361388e+00
3.809662388509336584e+00
3.718882459098705073e+00
3.865684836206036312e+00
4.164111452596395146e+00
3.883782835144159673e+00
3.749712494262805063e+00
3.777373340853427131e+00
4.059198121012736138e+00
3.771759631782493294e+00
3.792750767212892171e+00
3.775383704262370355e+00
3.801799870904057688e+00
3.810989758694177887e+00
3.676634603134895762e+00
3.770174943037776671e+00
3.797381460636207073e+00
4.039939079338955352e+00
3.799644360719759195e+00
3.798221116489619131e+00
3.727611998879889921e+00
3.964232428173168454e+00
3.789602696158250961e+00
3.733273165587628117e+00
3.789546604951831377e+00
3.812985966921633274e+00
3.945527072185704309e+00
3.747085405049277007e+00
3.838566603465873417e+00
3.752140399198557574e+00
3.755056365139736840e+00
3.826068295407741626e+00
3.808590771920577822e+00
3.739300368845525302e+00
3.812660243363203083e+00
3.790462154263766426e+00
3.914009828981803718e+00
3.959308976423959514e+00
3.831725483724294889e+00
3.767838596597622658e+00
3.766981410556460741e+00
3.716974147278610197e+00
3.790891209528206129e+00
4.195176447612689152e+00
3.812341752957718821e+00
3.797250833199497411e+00
3.727436987023409198e+00
3.804707306684820711e+00
3.681963878083656994e+00
3.711824628946072124e+00
3.760899845943037612e+00
3.781359150011444736e+00
3.747007610801177169e+00
3.709586701649440155e+00
3.710491225206797417e+00
3.755184967805945462e+00
3.725536075302276817e+00
3.774553292048928199e+00
3.881152475914825928e+00
3.919512048720827035e+00
3.716416394248377220e+00
3.735416442590158592e+00
3.757121974858788516e+00
3.959998138796727574e+00
3.838224306564439914e+00
3.824609847203552349e+00
3.855195709711429330e+00
4.109652519034442619e+00
3.809502423518984493e+00
3.709213873266327788e+00
3.720519781784638269e+00
3.797258926936054380e+00
4.011845806972197614e+00
3.785947583486562795e+00
3.769633103550308562e+00
3.794418897806909996e+00
3.806879580320989387e+00
3.985018594994391261e+00
3.998767059285992964e+00
3.784020780439451226e+00
3.807676855202915878e+00
3.819536958273827665e+00
3.824762896239611631e+00
3.886242569501690447e+00
3.712901862344613502e+00
4.039574957814807910e+00
3.930354394526097028e+00
3.993031830652601588e+00
4.029903359284347175e+00
3.804609116779516409e+00
3.791497734607891967e+00
3.764528146083805371e+00
3.773262961187805686e+00
3.734725179235694359e+00
3.704913272918802569e+00
3.732710078062725589e+00
3.731645269387385611e+00
3.788206203939306072e+00
3.948890795726523351e+00
3.716583978002143240e+00
4.143750393056802039e+00
4.173421514014090228e+00
4.028495445079864012e+00
3.916218723459353956e+00
4.033648441202973167e+00
3.784242147686243118e+00
3.890147376866497364e+00
3.751193839295094534e+00
4.048351054921875303e+00
3.771084550606774499e+00
3.817942022389676282e+00
4.029788417122183830e+00
3.806853256127333829e+00
3.873060007912460190e+00
3.752529409569361540e+00
4.093415368167096169e+00
3.875186421814087012e+00
4.096930839251720968e+00
3.768333102048920580e+00
3.770648661411825309e+00
3.837270953358250303e+00
4.095589983024792602e+00
3.910615861707437801e+00
3.791727649869232941e+00
4.057184664167050592e+00
4.172951537588195592e+00
4.189489016459683413e+00
4.048257861028948135e+00
4.099279438232241723e+00
4.092556993952905842e+00
4.206387454154697281e+00
4.055785992879084034e+00
4.132902321268914214e+00
4.177049843403874974e+00
4.206387454154697281e+00
3.895770369061573035e+00
4.257407409178043167e+00
4.120454956400751989e+00
4.167257712881728082e+00
4.206387454154697281e+00
4.119465098906498035e+00
4.206387454154697281e+00
4.100810510378767759e+00
4.049679707963581343e+00
4.206387454154697281e+00
4.181958843317204355e+00
3.499422029009255031e+00
4.233085954740976042e+00
4.162842382045345957e+00
3.928981361435872621e+00
4.144464347576316321e+00
4.210075141754731298e+00
4.206387454154697281e+00
4.125773505911416450e+00
4.206387454154697281e+00
4.131451397986579011e+00
4.206911991703184306e+00
4.112714943151116742e+00
4.230760291895744984e+00
4.163593666383307301e+00
4.206387454154697281e+00
4.240110739699271214e+00
4.180041439202923925e+00
4.082481977045901544e+00
4.038338478445041346e+00
4.075626540235992579e+00
4.133927377151214166e+00
3.919521026394536811e+00
3.990526586090854533e+00
3.946284278068814100e+00
