1.379504599999998504e+01
1.652511499999999955e+01
1.307715100000000064e+01
1.495702299999999241e+01
1.512063499999997873e+01
1.428528300000000684e+01
2.255620799999999804e+01
1.529877700000000118e+01
1.878357499999999902e+01
1.591963800000000617e+01
1.708024900000000912e+01
1.498195100000000934e+01
1.002681299999998998e+01
2.302505599999997798e+01
2.010151400000000876e+01
1.645598999999999990e+01
1.391883100000001150e+01
2.000193300000002239e+01
1.327634699999998702e+01
1.572417000000000087e+01
1.725661199999998985e+01
2.282728499999998917e+01
6.853587999999994906e+00
1.636774599999999680e+01
1.722178599999999449e+01
1.081049900000000719e+01
1.551780100000000573e+01
8.815433000000012953e+00
1.358931799999999157e+01
5.929960999999998705e+00
1.474783599999999240e+01
1.723324200000000417e+01
9.835948999999999387e+00
6.277919999999994616e+00
1.306248099999999113e+01
1.978239999999998133e+01
1.728308800000000645e+01
1.801177099999999598e+01
1.472543400000000702e+01
1.983912299999998652e+01
1.675644899999997506e+01
1.992248300000001393e+01
1.642962400000000400e+01
1.539055599999998947e+01
1.704995299999998792e+01
1.626691600000000903e+01
1.360838900000001672e+01
1.353017499999999984e+01
1.316661000000000570e+01
6.216906999999991967e+00
1.391955600000000004e+01
1.398993099999998435e+01
1.531002099999997768e+01
1.681035600000001295e+01
1.970176200000000222e+01
1.457112099999999089e+01
1.620728800000000547e+01
1.342874999999999375e+01
1.513705099999999959e+01
1.996194799999999248e+01
2.167143699999999740e+01
8.868126999999986992e+00
1.600622499999998638e+01
1.349210800000001598e+01
1.349700700000001063e+01
9.377722000000005664e+00
1.552945500000001289e+01
1.542632199999999898e+01
6.336919999999992115e+00
1.794879199999999742e+01
1.498049199999999814e+01
1.541941499999998655e+01
8.481436999999971249e+00
1.642242799999999647e+01
1.655724399999998298e+01
1.640102799999999661e+01
1.677063599999998189e+01
1.524443700000000490e+01
1.501146399999998948e+01
1.355727200000001176e+01
8.637463999999994257e+00
1.816273200000000543e+01
1.715799499999999966e+01
1.656863399999997455e+01
1.499861500000000092e+01
1.552753299999997694e+01
1.579612800000001016e+01
2.004091999999998563e+01
1.722242799999999363e+01
1.646599300000001165e+01
1.657441100000001200e+01
1.553217200000000275e+01
1.039890300000001844e+01
9.694331999999995730e+00
1.376985899999999674e+01
1.598808799999999053e+01
1.816936100000000920e+01
1.927020699999999920e+01
1.972289399999999659e+01
1.688649599999999396e+01
1.543803599999999676e+01
1.890062500000000512e+01
1.723507399999999734e+01
1.772675399999999968e+01
1.770716799999999580e+01
1.497410299999999950e+01
9.894585999999989667e+00
1.491626300000000072e+01
1.464855099999998345e+01
6.153439000000005876e+00
2.240585800000000916e+01
1.180214399999999841e+01
1.484072299999999700e+01
8.727873999999985699e+00
9.897958999999993068e+00
1.645137900000000286e+01
1.053639100000000184e+01
1.920268100000001255e+01
1.796813199999999711e+01
1.619225199999998210e+01
1.521249500000000410e+01
2.284421299999998212e+01
2.009190500000001123e+01
1.966619099999999776e+01
1.941204899999999611e+01
1.700252899999999556e+01
1.926168199999999331e+01
1.517464400000000069e+01
9.138375999999993837e+00
1.583566500000000588e+01
1.841320399999999324e+01
9.959147999999991896e+00
1.421853300000000786e+01
1.356025799999999037e+01
1.564615699999998810e+01
1.955671700000000612e+01
1.982916699999999821e+01
1.493767999999998608e+01
9.721090999999987048e+00
6.643090999999998303e+00
1.506751599999999769e+01
1.792691399999999646e+01
1.481448899999999469e+01
1.996589300000000833e+01
1.068295900000001097e+01
2.300611499999999410e+01
1.046584099999999751e+01
1.609529899999999714e+01
2.001759999999998740e+01
8.798555999999990718e+00
9.322950000000005844e+00
1.014827900000000227e+01
1.684991299999998660e+01
6.667217000000000837e+00
2.326723499999999945e+01
1.364069899999998370e+01
1.964734200000000897e+01
1.990363200000001598e+01
1.803347600000000739e+01
1.688262100000000032e+01
1.584954899999999611e+01
1.667505399999998872e+01
1.907449699999999382e+01
6.358178000000009433e+00
1.189416700000001015e+01
6.495596000000006143e+00
1.660946800000002099e+01
7.244027000000002658e+00
1.907176899999998909e+01
1.633485999999999194e+01
1.500622200000000817e+01
9.434486999999990076e+00
1.584340800000001082e+01
1.176676099999998826e+01
1.979788600000000542e+01
1.638292700000000934e+01
1.421658700000000408e+01
1.942803800000001502e+01
2.000696000000000652e+01
8.986705999999998085e+00
1.624036599999999453e+01
1.507088299999999492e+01
1.676882799999998497e+01
8.934822000000011144e+00
1.532977799999998325e+01
2.288581499999997959e+01
2.220568699999998330e+01
1.484979800000000694e+01
1.716110399999998037e+01
1.631337300000001278e+01
1.724413599999999747e+01
1.132059800000001815e+01
1.618805699999998637e+01
1.480554700000000423e+01
1.778274799999999800e+01
1.360419200000001183e+01
1.646103200000001721e+01
1.337358899999999551e+01
1.389121500000001674e+01
2.021591600000000710e+01
1.661933000000000504e+01
1.068060299999999074e+01
2.284531599999998264e+01
1.332657499999999118e+01
1.880738600000000815e+01
1.498032299999999850e+01
1.718538800000000322e+01
1.026846899999998186e+01
1.553058300000000713e+01
1.691273900000000197e+01
1.579572699999999941e+01
1.603912400000000105e+01
-3.538310000000137734e-01
1.843645999999999674e+01
2.034579500000000962e+01
1.541002600000000200e+01
-8.674220000000048003e-01
-3.224500000000034561e-01
1.041441299999999615e+01
1.975693099999999447e+01
9.456141999999985615e+00
1.594282599999999661e+01
1.052060099999999920e+01
1.870745999999998332e+01
1.653115900000000238e+01
1.708775599999998462e+01
1.642232800000000736e+01
1.616385600000000977e+01
1.691695400000000404e+01
2.069590499999999622e+01
1.042541299999999183e+01
1.292200300000000368e+01
1.481181000000000836e+01
1.993196799999999769e+01
1.564066899999998839e+01
1.540606699999999307e+01
2.023049699999998552e+01
1.511142300000000205e+01
1.679533399999998267e+01
1.688035899999998435e+01
1.032860800000000268e+01
1.210398499999999444e+01
1.602202800000000593e+01
2.056389899999999216e+01
1.487369300000000294e+01
9.106872000000009848e+00
1.836675999999998510e+01
1.062372799999999984e+01
1.629835599999999829e+01
1.561381099999999833e+01
1.549306599999999889e+01
1.659461000000000297e+01
1.512200799999999390e+01
1.508499700000000132e+01
1.612365499999998519e+01
1.488370899999999608e+01
1.410042999999998869e+01
1.385073099999998192e+01
1.582685899999999890e+01
1.705785500000000354e+01
1.689156499999999994e+01
1.459478799999999410e+01
1.410008499999999287e+01
1.649009999999999820e+01
1.729217199999999366e+01
1.073581099999999822e+01
1.668835199999999475e+01
1.001406199999999558e+01
1.020393599999998457e+01
9.799781000000010067e+00
1.317502199999998425e+01
1.121703999999999724e+01
1.541364300000000753e+01
1.522849200000000280e+01
1.680597699999999861e+01
1.016549399999999537e+01
1.316948999999999614e+01
1.840389999999999304e+01
1.366745199999999727e+01
1.473096700000000681e+01
1.564225199999999916e+01
1.008143400000000156e+01
1.031322599999998602e+01
1.707902900000000557e+01
1.677855900000000133e+01
1.792992199999999059e+01
1.697848899999999617e+01
1.470163499999999601e+01
1.589903300000000286e+01
1.524791100000000199e+01
1.330572999999999695e+01
1.645416699999999821e+01
1.112939300000000742e+01
1.573103600000000313e+01
1.319522499999999354e+01
1.132073299999998994e+01
1.482622800000000041e+01
1.574651899999999216e+01
1.399279199999999435e+01
1.580907899999999700e+01
1.328703099999999893e+01
1.054194799999999077e+01
9.356789999999989504e+00
9.426095000000003665e+00
1.810155899999999463e+01
1.556924499999999512e+01
1.544922400000000096e+01
1.004432999999998799e+01
1.559864100000000064e+01
1.580010799999999449e+01
1.841073399999999083e+01
1.799714600000000075e+01
1.210382299999999134e+01
9.940172000000004005e+00
1.492199599999999293e+01
2.531790000000029295e-01
9.786571000000009235e+00
1.060066100000000233e+01
1.391286800000000312e+01
1.688507000000001312e+01
1.567495900000000120e+01
1.845320900000000108e+01
1.848264400000002183e+01
1.403631699999999682e+01
1.029232399999999359e+01
1.478594300000000317e+01
6.800102000000009639e+00
1.032664499999999919e+01
1.819365399999999511e+01
1.354276999999999020e+01
1.502795100000000161e+01
1.670990099999998790e+01
1.166543999999998960e+01
1.662263799999999492e+01
1.611049200000000781e+01
1.889047799999998745e+01
1.750473299999998744e+01
1.826490199999999220e+01
1.259900199999999870e+01
1.325751999999999953e+01
1.860224100000002068e+01
1.847781900000001087e+01
1.038952699999998686e+01
9.759355999999996811e+00
1.674931899999999985e+01
9.186437999999995441e+00
1.800736299999999801e+01
1.854717699999999070e+01
1.647056200000000104e+01
1.833829400000000476e+01
1.693316699999999742e+01
1.817576499999999839e+01
1.843870299999998963e+01
1.876101099999999633e+01
6.529827999999994859e+00
1.820687399999999911e+01
1.715428099999999745e+01
1.538713699999999562e+01
1.296702499999999247e+01
1.724960899999999242e+01
-1.499315999999993210e+00
1.518547999999999831e+01
1.376187399999997751e+01
1.451714799999999173e+01
1.596272100000000194e+01
1.604899299999999585e+01
1.523596299999999815e+01
1.505757799999999236e+01
1.697525599999998747e+01
1.585389799999998672e+01
1.236997299999998745e+01
1.921724699999998620e+01
1.713272800000000018e+01
1.514018599999999992e+01
2.013749599999998452e+01
2.006104700000000207e+01
1.835567700000000002e+01
2.018465600000000393e+01
1.671508299999997860e+01
1.737045099999998854e+01
2.022515800000000752e+01
1.768603099999999984e+01
1.108825399999999206e+01
1.745976199999999778e+01
1.540771900000000016e+01
1.892495800000000372e+01
1.498493100000000311e+01
1.036401399999999740e+01
1.576910600000000784e+01
1.805827500000000896e+01
1.323665700000000811e+01
1.755722799999999495e+01
1.685464600000000246e+01
1.396085199999998849e+01
1.096211199999999053e+01
1.832879099999999539e+01
1.556632699999998692e+01
1.582157399999999825e+01
6.482344999999995139e+00
9.949061999999997852e+00
1.865976599999999053e+01
1.436007899999999893e+01
-7.497240000000005011e-01
1.514217999999999620e+01
-5.164460000000161699e-01
1.464195200000000341e+01
1.681192799999999465e+01
2.045065200000000516e+01
1.666761600000000954e+01
-1.459069999999940137e-01
1.770266399999999862e+01
1.688898999999999262e+01
1.527680299999998681e+01
1.659648499999998705e+01
1.641043799999999919e+01
1.677201300000000117e+01
1.738232500000000869e+01
1.855096499999999082e+01
1.648371600000000115e+01
1.283308299999998781e+01
1.688356500000000437e+01
1.642732399999998449e+01
1.716118299999999408e+01
1.865803900000000226e+01
1.652096799999999632e+01
1.681709199999998816e+01
1.642732399999998449e+01
1.881926999999998884e+01
1.296088899999999455e+01
1.706729699999998218e+01
1.543601199999999096e+01
1.295935899999999208e+01
1.671480100000000846e+01
1.589129199999999287e+01
1.917728200000000527e+01
1.642732399999998449e+01
1.538066800000000001e+01
1.667526599999999348e+01
1.653464599999999507e+01
1.722373100000000079e+01
1.871900999999998305e+01
1.642732399999998449e+01
1.749277799999998706e+01
1.741893499999999051e+01
1.694040299999998922e+01
1.892165199999999459e+01
1.642732399999998449e+01
1.721698700000000315e+01
1.641071800000000280e+01
1.603313499999998726e+01
1.638195999999999231e+01
1.646198899999998844e+01
1.737401699999999494e+01
1.283227099999999155e+01
1.543504299999999319e+01
1.671626400000000956e+01
1.642732399999998449e+01
1.690425499999999204e+01
1.524871199999999760e+01
1.656883199999998624e+01
1.404899399999999332e+01
1.677310900000000515e+01
1.631905399999999418e+01
1.756790599999999358e+01
1.728673899999998298e+01
1.615291099999998892e+01
1.725963700000001211e+01
1.656813799999999048e+01
1.642732399999998449e+01
1.769464700000000335e+01
1.402749500000000182e+01
1.529542499999999450e+01
1.634162299999999846e+01
1.698897200000000396e+01
1.852234399999998971e+01
1.663761399999999924e+01
1.500162600000000168e+01
1.625112499999998761e+01
1.642156199999999444e+01
1.632000499999999477e+01
1.597454299999999705e+01
1.677024000000000115e+01
1.938873300000000199e+01
1.729411699999998575e+01
1.832368900000000167e+01
1.691713200000000938e+01
1.537295100000000048e+01
1.947955399999999315e+01
1.947785399999999356e+01
1.928503099999998938e+01
1.148873399999999378e+01
1.711140799999999729e+01
1.737481799999999055e+01
1.347347199999998679e+01
1.711243000000000336e+01
1.818025599999998576e+01
1.430674299999999732e+01
1.693860899999998537e+01
1.463034700000000043e+01
1.617149700000000223e+01
1.923728300000001923e+01
1.149092100000000016e+01
1.644014500000000112e+01
1.737588900000000081e+01
1.710730999999999824e+01
1.944114099999998757e+01
1.093180599999999458e+01
1.430483300000000213e+01
1.531581699999999557e+01
1.204667164999999329e+01
