-2.551318157335199732e+00
-2.023290113346779329e+00
-2.227052137765761941e+00
-1.761065394524230943e+00
-2.237877971455168868e+00
-2.213858715796137133e+00
-2.538156016810218407e+00
-1.874191453092324489e+00
-2.364901555257544974e+00
-2.059620218992483043e+00
-2.643823545140056464e+00
-1.701660423867394245e+00
-2.146992392343720191e+00
-2.544395532936801985e+00
-2.236775109377235005e+00
-1.523914298390666167e+00
-2.219470863612415634e+00
-2.230515923721195559e+00
-2.646807839450238120e+00
-2.230259056570645271e+00
-1.570370957193222505e+00
-2.533531248639532940e+00
-1.946274032200342008e+00
-2.057235844228746391e+00
-2.049263817682889677e+00
-2.098972621746766354e+00
-1.801684407282882594e+00
-2.606602312784120468e+00
-2.610689614805392189e+00
-1.975982117243891834e+00
-1.855320053507482081e+00
-2.674034048117862383e+00
-2.079531846914559612e+00
-2.402361310824285834e+00
-2.260940088162174622e+00
-2.443555683346207541e+00
-2.163093718223453088e+00
-2.161230505476028352e+00
-2.215219657925378449e+00
-2.439752927170836028e+00
-2.650603142083745034e+00
-2.257931475770035945e+00
-1.753006417817833063e+00
-1.745693572270756277e+00
-2.034987716010451475e+00
-2.713823024272103535e+00
-2.213357501803553617e+00
-2.206258438417730616e+00
-2.230746193722071613e+00
-2.449718490284863215e+00
-1.766008819061126944e+00
-2.568080263007917363e+00
-2.066273019012625944e+00
-2.655032524971090879e+00
-2.792302300498149314e+00
-2.260883377527410865e+00
-1.541341414895903039e+00
-2.211580784678387701e+00
-2.234896738288831397e+00
-2.411341971137524798e+00
-2.528107521033860827e+00
-2.602838012043833693e+00
-1.585552659979488022e+00
-2.149205526264715616e+00
-2.195989969826725119e+00
-2.610243958330780600e+00
-1.790800509613282410e+00
-1.475552495661582197e+00
-1.978366367877268051e+00
-2.206079900438064012e+00
-1.906827984709039470e+00
-1.732936763610386732e+00
-2.497551400005681099e+00
-2.695381438719388623e+00
-2.060649827240681908e+00
-2.052689961314332567e+00
-2.043016650402120771e+00
-2.258357546948198902e+00
-1.896575820167609505e+00
-2.624389958894286057e+00
-1.847565536382402396e+00
-2.118092306981781636e+00
-2.648309398751545363e+00
-2.625904404634034517e+00
-1.771408108644294987e+00
-2.234033610333566511e+00
-1.732249528249676596e+00
-2.391093003296972608e+00
-2.655389533503550670e+00
-2.073678941548648957e+00
-2.734288741390925814e+00
-1.438945767193035241e+00
-2.097803557646904071e+00
-1.759047672461947709e+00
-2.610621108497348519e+00
-2.061195348082286660e+00
-2.097931326105058947e+00
-2.250117668390977599e+00
-2.246648234626465346e+00
-2.682699891078708987e+00
-1.482382445795663584e+00
-2.352194803910473642e+00
-2.603384092992321985e+00
-2.155337190203029163e+00
-2.228351259703447163e+00
-1.948736316762111676e+00
-2.077891055344521121e+00
-2.243651167550523517e+00
-1.577912101589674432e+00
-1.997593706656437540e+00
-2.566709307391486394e+00
-2.400112563692383461e+00
-1.959454013026794561e+00
-2.628178740294042637e+00
-1.752062085518312884e+00
-2.712168465501696435e+00
-1.704111758232948137e+00
-2.476942210522557364e+00
-2.254466011313171148e+00
-1.574842562345327046e+00
-1.685907910174226254e+00
-2.531485197352377536e+00
-2.352208229621866042e+00
-2.771535351455754359e+00
-2.747557696428929219e+00
-2.611098219244188279e+00
-2.383692754678401915e+00
-2.226175039018182034e+00
-2.598844335188141841e+00
-1.628572459949906737e+00
-2.189529106866148211e+00
-1.722671261514162833e+00
-1.869950458179175934e+00
-2.218618055152421942e+00
-1.531488057240686596e+00
-2.431821174775228300e+00
-2.423542787289415301e+00
-2.242607972447081544e+00
-2.152172589497854727e+00
-1.949287909339861624e+00
-2.251275580705746737e+00
-2.238298072486933687e+00
-1.963183674225962516e+00
-2.280576509190555434e+00
-2.068439029555434239e+00
-2.511739088071573978e+00
-2.085669891020226263e+00
-1.555998473996968778e+00
-2.383155247826551637e+00
-2.620458649960068165e+00
-1.709825714702620347e+00
-2.102528463830949157e+00
-2.613552661473839134e+00
-1.986569449967006795e+00
-2.565788985083977014e+00
-2.657102448959852481e+00
-2.281768184043536429e+00
-2.261174259938568465e+00
-2.246898591883138341e+00
-2.694599810399864737e+00
-1.425282161479140219e+00
-2.687038112050752492e+00
-2.173555043734638925e+00
-2.427559736219564446e+00
-2.380339614535695425e+00
-1.942802894652169376e+00
-2.727447032093919699e+00
-1.932219516104696000e+00
-2.760601032963242663e+00
-1.568327658459562679e+00
-1.725142282217688061e+00
-1.738097096831169308e+00
-1.471292984453383967e+00
-2.391268293866328776e+00
-2.272953935443486007e+00
-2.747840401318767167e+00
-2.236327940472058184e+00
-2.788683020972184678e+00
-2.445301811768720857e+00
-1.717152947118104622e+00
-2.068086345737706555e+00
-1.735458954530545439e+00
-1.556770416048876005e+00
-2.598243840560221507e+00
-1.508027731115059389e+00
-2.523994711306833505e+00
-2.536088757760882384e+00
-1.939760361568660052e+00
-2.047952687432083696e+00
-2.754568961376263836e+00
-1.554456802580634012e+00
-2.091617414746842485e+00
-1.725299068431083160e+00
-2.239885766391804811e+00
-2.205138835549079079e+00
-2.587680829442606356e+00
-2.078732037535029331e+00
-1.934573415445504763e+00
-2.226995707267723112e+00
-2.464396276909549766e+00
-2.219525554163638503e+00
-2.105335525449867351e+00
-2.540639809553607797e+00
-2.655351173475614779e+00
-2.276084819381136271e+00
-1.926228697461145778e+00
-2.104030822908154796e+00
-1.858900563363920844e+00
-1.994676228824119768e+00
-2.104849197999359323e+00
-1.863367099198360632e+00
-1.760611087689203602e+00
-2.319159532640193255e+00
-2.186361569215006462e+00
-2.333589340604823370e+00
-2.090189294208873338e+00
-2.114217761919484850e+00
-2.326438945155630655e+00
-2.385366567280321259e+00
-2.311134382616756966e+00
-2.343760071593221195e+00
-1.812716510379958290e+00
-1.947763216613472181e+00
-2.575442490934553685e+00
-1.914514894233172226e+00
-2.423116301950404061e+00
-2.250931957781238335e+00
-1.970750196006317623e+00
-2.501595335845998136e+00
-2.333722583919431326e+00
-1.940890525021719881e+00
-2.050839290584276053e+00
-1.935550764126455325e+00
-2.280262175735819685e+00
-2.095191635101427252e+00
-1.882067528486619734e+00
-2.276928209430700623e+00
-1.887928234840589026e+00
-2.037736799265707610e+00
-2.337064364482085210e+00
-1.963151185828274636e+00
-2.073415228054445780e+00
-1.913238044204289112e+00
-2.356496070596060033e+00
-2.041669907121975491e+00
-1.784393397292119543e+00
-2.131215667681089609e+00
-1.855911668317427488e+00
-2.070437997560885091e+00
-2.084696372355183680e+00
-1.935937259254633780e+00
-1.869012696964650999e+00
-2.044779647798013134e+00
-1.944802354129580912e+00
-1.856440004679867917e+00
-1.905851025617743666e+00
-2.475502193368715353e+00
-2.552804875155231024e+00
-2.001631571638001095e+00
-2.137479983781015669e+00
-1.868479042478176089e+00
-1.816981233006185192e+00
-2.019600284181791494e+00
-1.812616122261640594e+00
-2.058354711709969642e+00
-1.963544933496407463e+00
-2.480165662247405756e+00
-1.818679723462835129e+00
-1.861245722823982485e+00
-2.331227778271642403e+00
-2.038030610577964197e+00
-1.859490261935000222e+00
-2.059140534420378810e+00
-1.829079608338505247e+00
-1.855640089700149931e+00
-1.831667702450210156e+00
-2.091232017384329289e+00
-2.203982314426354172e+00
-1.871515405249112973e+00
-2.590735414228012345e+00
-2.005416348017756256e+00
-1.961070328632897430e+00
-1.945561840497198602e+00
-2.104557495649303167e+00
-2.064802995631058291e+00
-2.455452183763846996e+00
-2.104450484696238632e+00
-1.995335252484277566e+00
-1.869987418481321440e+00
-1.926538802802482131e+00
-2.021713153081258429e+00
-1.952062142567553948e+00
-1.964607395332812256e+00
-1.993657978478518888e+00
-1.993252507687895747e+00
-1.951896862142698641e+00
-1.978893434065941426e+00
-2.017045693433729525e+00
-2.455844505478146367e+00
-1.988710230977675408e+00
-1.986166442309365454e+00
-1.915453249550534975e+00
-1.954031578516584711e+00
-2.331423237517044722e+00
-2.273714736428750438e+00
-2.444177379044546239e+00
-1.909438206590397424e+00
-1.863810328806206229e+00
-1.993940844574641158e+00
-2.036237590460705071e+00
-2.279530082560503601e+00
-2.285823914247961497e+00
-2.128057739049760588e+00
-1.879054848687261581e+00
-2.369649413646815805e+00
-2.262359375040392973e+00
-2.289070678346355692e+00
-1.983795151501455578e+00
-2.018012152250908464e+00
-2.497081441733417062e+00
-1.930666444452324937e+00
-2.124633922107791228e+00
-2.498782928529700964e+00
-2.049959480724947269e+00
-1.978565712563684631e+00
-1.948086247708973096e+00
-2.389505450725758262e+00
-1.947759022392701267e+00
-2.218405773092549271e+00
-2.042242094547278786e+00
-1.837042212177469436e+00
-2.265441338057891496e+00
-2.066766559189965768e+00
-1.893433511131923597e+00
-1.977969106049222825e+00
-2.409073385226388808e+00
-2.033764856468073479e+00
-2.254922531499709670e+00
-2.009178967892483403e+00
-2.038810299422058492e+00
-2.609558577910375377e+00
-2.443684587552569010e+00
-1.828179597145398683e+00
-1.965737945557783473e+00
-2.127969031383048826e+00
-2.335505675568719131e+00
-2.182995860542496391e+00
-2.147956572386368723e+00
-1.939453454831848278e+00
-2.183123879306252402e+00
-2.139191900573461425e+00
-2.109708990275611651e+00
-2.258782388039481503e+00
-2.439277094239115318e+00
-2.553205692807028804e+00
-2.141013161644903740e+00
-2.115247033511072239e+00
-2.074487016151262075e+00
-1.982187877523274189e+00
-2.028142315536320073e+00
-1.999967233918398923e+00
-2.024713243579534083e+00
-2.414234168325570806e+00
-1.943861602180042336e+00
-1.870485992299128153e+00
-2.473302214094819540e+00
-1.964765140427038981e+00
-1.913924556855165049e+00
-2.468943918346538258e+00
-1.970134628945985344e+00
-2.031807268788318854e+00
-2.209375090701212851e+00
-1.855784464992894067e+00
-2.032399371143656541e+00
-2.340543393855505805e+00
-2.352675383712381496e+00
-2.117088244300732836e+00
-2.331255168115768051e+00
-2.267096979275868396e+00
-2.256700619940160468e+00
-2.351457712299672931e+00
-2.100944382683093359e+00
-1.860972659508514315e+00
-1.829344507343352744e+00
-2.024035247052362596e+00
-2.222538323957791384e+00
-2.016469053197160743e+00
-1.823186228200030845e+00
-2.389972078879993411e+00
-2.155308879485238194e+00
-2.081681733549972879e+00
-2.480664534759313256e+00
-1.879499637061120998e+00
-2.065147603572397461e+00
-1.972729566276052893e+00
-2.173399067734186563e+00
-2.034786487363252405e+00
-1.996050506751115616e+00
-2.421606459996739069e+00
-2.382209431044694181e+00
-2.258211924001203741e+00
-2.024732978836551567e+00
-2.339056118062076806e+00
-2.055291696298308768e+00
-2.272248558997553847e+00
-2.026207430080420480e+00
-2.006085538538429081e+00
-2.313366417353764692e+00
-2.114250399767744426e+00
-2.268451782863640354e+00
-2.192373059557555237e+00
-2.120315325789938310e+00
-2.522285538706240171e+00
-1.800579514597317576e+00
-2.492508789502828837e+00
-2.449328085627232809e+00
-2.448918979590255951e+00
-2.240005172635896713e+00
-2.230749954350759623e+00
-2.221234446150209152e+00
-2.183673486140428111e+00
-2.495134369828916121e+00
-2.183836108630218931e+00
-2.195064890441725591e+00
-2.566779864683189416e+00
-2.532446528647037010e+00
-2.495134369828916121e+00
-2.159931041977483535e+00
-2.264030671484371204e+00
-2.149412302909480932e+00
-2.531683391760947810e+00
-2.279877346493472956e+00
-3.466046280508066513e+00
-2.552479361619789611e+00
-2.281010912850039318e+00
-2.495134369828916121e+00
-2.147565263876257902e+00
-2.520941528986704760e+00
-2.566817881002836810e+00
-2.409178402145313758e+00
-2.185741646757207501e+00
-2.495134369828916121e+00
-2.050597947137562382e+00
-2.458185661954839230e+00
-2.221688569752291897e+00
-2.127078241849667872e+00
-2.495134369828916121e+00
-2.443123570419611923e+00
-2.190682782745430934e+00
-2.555923886227293274e+00
-2.521661847287655522e+00
-2.536464429612537597e+00
-2.113842575966054849e+00
-2.293469667401680567e+00
-2.461936981553093595e+00
-2.467170527766660904e+00
-2.495134369828916121e+00
-2.359422819923370440e+00
-2.197011426432901704e+00
-2.469925470588700378e+00
-2.153966639337501210e+00
-2.267470022097299420e+00
-2.515908396060069663e+00
-2.472957086503785984e+00
-2.417574605383640662e+00
-2.253774387204423579e+00
-2.445958007166207260e+00
-2.508155129049153498e+00
-2.495134369828916121e+00
-2.310183772105077527e+00
-2.251083033209269058e+00
-2.316993751294416537e+00
-2.557533390764674230e+00
-2.271262243742621312e+00
-2.275810747211084895e+00
-2.134356515074750771e+00
-2.275057668054536020e+00
-2.261623841120175449e+00
-2.168386232225869570e+00
-2.495022896521927436e+00
-2.415903227023003641e+00
-2.508969212477452526e+00
-2.204628686332672061e+00
-2.351385694093830470e+00
-5.055400345819616170e-01
-2.121088281435807410e+00
-2.193028262545063001e+00
-2.310166572831810594e+00
-1.290871028325168535e+00
-2.965753602936602285e+00
-4.759283625674736729e-01
-3.799604564827199771e-01
-2.709485933025978177e+00
-2.569333007638656241e+00
-2.306364399583961333e+00
-5.524247017397291293e-01
-4.478425118616441436e-01
-2.463230399019463945e+00
-2.735853412370947702e+00
-2.356643186226943687e+00
-2.649427477655975860e+00
-2.393205605499442612e+00
-2.741306903766505876e+00
-5.214726679561029199e-01
-2.489718541808722652e+00
-2.682265241657725952e+00
-1.470910404916635050e+00
-2.421573338680455212e+00
-2.264729580340519632e+00
-1.951369938352842892e+00
