-8.757425094271317767e-02
-1.455423147971094400e+00
-1.204784879875421266e+00
-1.758107075294195187e+00
-1.409625172954418915e+00
-1.152360872862100205e+00
-1.409085830616109813e+00
-1.690804851984879953e+00
-1.153284734137609568e+00
-1.037911737023550440e+00
-9.047709199358278109e-01
-1.640117745536287641e+00
-6.960978306941129068e-01
-1.430371102104878833e+00
-1.679205463764998907e+00
-2.821011229080025995e+00
-1.149615737435691454e+00
-1.681627614293864426e+00
-1.782026461246813687e-01
-1.358888646011298329e+00
-2.962344393275843313e+00
-1.369871814781403740e+00
-6.561184348528707133e+00
-1.182395499993646348e+00
-1.407050627568345202e+00
-6.014460204471886451e-01
-1.745230271712894909e+00
5.122182505067214286e-01
-1.457647063525809861e-01
-6.469692239790190591e+00
-1.640124696351290323e+00
-8.855902491069767013e-01
-6.651808643179946134e-01
7.505510527844309054e-01
-1.178815211198187773e+00
-1.154685493443106337e+00
-1.343751673247876921e+00
-1.382611708800485006e+00
-1.376350949800772883e+00
-1.144428805365063750e+00
8.074327094569512531e-02
-1.636848201549660597e+00
-1.890660885282106074e+00
-1.849889080120193041e+00
-1.191727373697357928e+00
9.968038989392760674e-03
-1.169183692297274479e+00
-1.165079940684429438e+00
-1.177417067773165238e+00
6.532911921467547955e-01
-1.885319214496698592e+00
-1.103907889353247379e-01
-1.078270516999808581e+00
-8.137678543546754684e-01
-9.492754837202374008e-01
-1.369541655762430699e+00
-2.906602373899434877e+00
-1.081686837578133442e+00
-1.384480122158386450e+00
-1.189246392435661992e+00
-1.349490508190365423e+00
4.963738318622425982e-01
-2.813668417984066306e+00
-1.223206591416664768e+00
-1.141657556555690567e+00
4.123594795381287370e-01
-1.776610299386512937e+00
-3.331459151638306526e+00
-6.602865851426662935e+00
-1.336975157260630764e+00
-1.625115028729835487e+00
-1.770415813019241558e+00
8.670811462442994388e-01
3.151583572442261810e-02
-1.193975997631186559e+00
-1.186678593824680883e+00
-1.214239253987813738e+00
-1.401683722733268134e+00
-1.597703774159662249e+00
-1.666094479497829128e-01
-8.319684618085522843e+00
-1.412202220566797672e+00
-9.190119332918451622e-01
-7.898929767993727591e-01
-1.962873299422753348e+00
-1.372167953529947360e+00
-1.788898523654656847e+00
-1.203762801113225089e+00
-9.139800686524678364e-01
-1.148546916515420957e+00
-1.420147063542413490e-01
-3.218274133741988230e+00
-7.052173339450859002e-01
-8.177711627653199145e+00
-1.466209581890725311e-01
-1.159454736268383579e+00
-1.425005556349656644e+00
-1.630357176101148386e+00
-1.632474412563491351e+00
-5.895600959566748428e-02
-3.365834821658604703e+00
-1.128144995424235963e+00
-8.999218795424870354e-01
-1.355029149283742296e+00
-1.330624936720666840e+00
-1.531872199628579345e+00
-6.287244307422703571e-01
-1.386279918395891153e+00
-2.957504980776870074e+00
-6.478918588833054493e+00
-1.358485577044284964e+00
4.426375311893200326e-01
-1.531232197654973648e+00
3.812391671291032735e-01
-8.150148486713399976e+00
3.073548391981904132e-02
-7.979975154272982429e+00
-1.098935731605688693e+00
-1.259601881549964775e+00
-2.799614285623292176e+00
-1.693279254598657912e+00
-1.406468250696727207e+00
-1.518583183001647408e+00
-8.820391277592521950e-01
-8.063349724109046823e-01
-8.691507992552897077e-01
-1.177955006322867648e+00
-1.412913869326259952e+00
3.497705452545583071e-01
-2.835461512173010679e+00
-1.699762553075343741e+00
-7.996714844776053432e+00
-1.654167257210694242e+00
-1.201453398189783028e+00
-3.014427889862647092e+00
-1.137728799895437293e+00
-1.158596446422018644e+00
-1.373041051001453239e+00
-7.160588107380839729e-01
-6.592110310749572655e+00
-1.265744984400597462e+00
-1.291561774917635130e+00
-1.534308334522072270e+00
-1.586527973796389768e+00
-5.689054441157362918e-01
-1.419917772733099381e+00
-6.608695873325346470e-01
-2.757623753341609696e+00
-1.198762248370198513e+00
4.147538755680170719e-01
-8.000155853598547750e+00
-6.746118448644986554e-01
-7.665913855956837386e-01
-6.538413663203684223e+00
-1.407975131294878057e+00
-1.983590592793778584e-01
-1.614705504806555947e+00
-1.655264139736305484e+00
-1.267129430757594433e+00
1.478853269151187214e-02
-3.238706634114355332e+00
1.377443670631543077e-02
-1.695511275565407594e+00
6.535693804953234265e-01
4.113189827368278206e-01
-6.604232402832089122e+00
-9.665447723222157783e-02
-6.402400633734743884e+00
-8.223250926169002328e-01
-2.844760949818986973e+00
-1.716450497166580824e+00
-8.154094272346247507e+00
-3.374413870830216489e+00
3.223353219220327359e-01
-1.623303365147830801e+00
-1.198969140076667078e-01
-1.383167433193690732e+00
-8.399887604918602202e-01
-1.171237897708120812e+00
-8.013587183085162380e+00
-1.191094266839232585e+00
-1.741231915312623224e+00
-2.859100279089515695e+00
4.902678179667165348e-01
-3.400283997738687614e+00
-1.413654234632541584e+00
-1.394227734177326372e+00
-1.593058974581349929e+00
-1.194292634673577602e+00
-1.514985278272129865e-01
-2.918252326370409655e+00
-6.155598546317200270e-01
-1.843767586753651599e+00
-1.408529995602288754e+00
-1.360999759267081277e+00
-1.140093538268665274e-01
-1.133036028719329513e+00
-1.539186567761156699e+00
-1.103386980726139388e+00
-1.147234795963988141e+00
-1.237059338260649399e+00
-5.808658930145205179e-01
-1.433030275975059720e+00
-1.979726315690397975e-01
-1.497741918274600126e+00
-1.711624674523719358e+00
-1.095787177856247352e+00
-6.256673425374941644e+00
-1.663938805199877802e+00
-1.260425716321326828e+00
-1.796539349020798593e+00
-3.030429873317627365e+00
1.593000052092565788e+00
-1.369814579975859870e+00
-1.096787267525195508e+00
-1.590260334194572911e+00
1.803145321442643834e+00
1.370271437943833881e+00
2.777910487656028438e-01
-9.504782879412710939e-01
4.385515272347297877e-01
-1.839057960726874219e+00
-4.822440872531225109e-01
-8.108950417552781564e-01
-2.895704363591489638e+00
-7.202399496330348372e-01
-7.497106369157495731e-01
-1.372133611878532555e+00
-6.795483048915814672e-01
-1.049309842492967659e+00
-4.760905040855782921e-01
-1.524166247706252086e+00
-1.649659799761973744e+00
-1.102495302537686017e+00
-1.203275314271981200e+00
-1.729396265993552229e+00
-1.149567052241569742e+00
-1.720898915389837747e+00
-1.578274230781409049e+00
-9.206050761120506687e-01
-5.077899991109369182e-01
5.501610596551361754e-01
-1.752164012713138375e+00
-9.649835848696258767e-01
-1.379906564911295819e+00
-6.386394416111253136e+00
-1.500961972926276866e+00
-6.276464345482794194e+00
-1.292765368671694004e+00
-1.583060595605356724e+00
-1.387410588429650593e+00
-2.883066005412799004e+00
-1.372331196196863612e+00
-1.012975647264053869e+00
-3.302006620655163260e+00
-1.714297304210853579e+00
-2.722793242673069436e-01
-4.591076065304259268e-01
-1.127554479728480663e+00
-1.241179365301451121e+00
-2.885420875927591222e+00
-1.901903400260208210e+00
-1.395303982929514852e+00
-3.337558545489233364e+00
-1.377694121021281193e+00
-4.798514322240463592e-01
-6.264102417003659662e-01
-6.417051786514024414e+00
-6.306453323256030252e+00
4.018508462680061011e-01
-1.469904691392794449e+00
-6.337736906646545876e+00
-1.639538767710066791e+00
-2.996817229106530256e+00
-2.888429567809416287e+00
-6.288048324222405228e+00
-1.534450595860430866e+00
-9.466788285592082630e-01
-1.848246467249521574e+00
-1.584792516379354699e-02
-1.125771168399025468e+00
-4.687740471114948404e-01
-4.640746776937498819e-01
-1.359749583771926229e+00
-1.310501788537838275e+00
-7.598942203683245467e-01
-1.311185037658496366e+00
-1.679085854249533938e+00
-3.267355162917644051e+00
-1.143518726950009778e+00
-1.471035310251159967e+00
-1.134594745668503046e+00
-5.017887773531215512e-01
-1.147717111871715323e+00
-1.455119634483056368e+00
-5.557218256381335486e-01
-1.307645672084126964e+00
-1.383619190533672993e+00
-3.064952401068123944e-01
-1.700294994697437057e+00
-1.315971963349855001e+00
-4.689116453458325728e-01
-6.116080929286006329e-01
4.399348189592273695e-01
-8.973884012660210407e-01
-2.673421401517899199e-01
-1.369558982240801637e+00
-6.344315222192637549e+00
-1.156342911888810221e+00
-1.375426900200259261e+00
-8.441457222675378125e-01
-9.182797380162452949e-01
4.366308122720578000e-01
-6.232364297007252141e+00
-5.818382093838625480e-02
1.652522342528741861e+00
5.787526145067918293e-01
-6.137823236179552611e-01
-1.400439031454071559e+00
-7.183290355059532839e-01
-1.161079785730823710e+00
-1.577474068913482519e+00
-9.115974998948910279e-01
-1.287016724713388127e+00
-5.332841665634961981e-01
-1.729493436256591243e+00
6.688139429541882786e-01
-4.971215478521216480e-01
-1.114924766693721647e+00
-1.445101124884228261e+00
-1.793398196897224128e+00
-6.391917654415666394e-01
4.089573333354282747e-01
-2.842107843869552841e+00
-1.165288866401077428e+00
-7.028838922782775223e-01
-1.570762993660430817e+00
-9.336679566673931063e-01
-1.451129538884607051e+00
-1.536053664761735771e+00
-8.239897972589180775e-01
-7.602135915602971084e-01
-6.308320767575255061e+00
-5.758796679653309658e-01
-1.318304274129022957e+00
4.866215008961479738e-01
-1.061280572868013472e+00
-1.568956831351331127e+00
-1.152748392815756029e+00
-1.541234859714021743e+00
-1.241177712790482390e+00
-1.491453379175009974e+00
-8.945693795667220005e-01
-7.067502457956235107e-01
2.563717181186108141e-01
-1.496102615114532020e+00
-1.359192985944882581e+00
-1.577634090521246479e+00
-1.358583294272439401e+00
-1.379713903409633291e+00
1.945763122578062720e+00
-1.382635790711130408e+00
-2.604678498459554459e-01
-1.081813656748554786e+00
-1.782765933431148975e+00
-2.984622805918127897e-01
-1.691824946997643853e+00
-1.684318116436652746e+00
-7.389353940428307066e-01
-1.177283658986588932e+00
-1.484109717387998906e+00
-1.216618481343285429e+00
-2.899903715937172777e+00
-1.371729901648201411e+00
-1.019822520398552479e+00
-1.040980183381154500e+00
-1.418930798127792769e+00
-1.186899406985489902e+00
-6.636400302763275638e-01
-8.057502371503262317e-01
-1.077342257968479933e+00
-1.472098988284429533e+00
-6.314831887628710838e+00
-2.971670493045665662e+00
-1.391525613659497784e+00
-1.118124522239242857e+00
-1.377269199224632423e+00
-6.354917213810959531e+00
-2.772001902239456528e-01
-1.480016235305300798e+00
-1.502982478655878307e+00
-7.139107857227054987e-01
-2.876911270036773605e+00
-1.573288482012590084e+00
-5.934976811370208383e-01
-9.527590041801475840e-01
-1.648810418595903382e+00
-1.152265064142537820e+00
5.097256413199923175e-01
3.391752781124592053e-02
-1.185547342164258389e+00
-1.367894871202911311e+00
1.556119233114176659e+00
-1.341588498193416967e+00
1.514314789247303894e+00
-1.334514887646612413e+00
-1.580257104637051491e+00
-1.186213904967742261e+00
-1.075778903714917023e+00
1.540722014588791655e+00
-1.040044206975001995e+00
-1.333135411119765301e+00
-2.355790732239527174e-01
-2.969638681714356743e+00
-2.195452242182803104e+00
-2.507450411914478039e+00
-2.454129673580157434e+00
-2.236763227330047954e+00
-2.233433719598151512e+00
-2.280666468443493855e+00
-2.186941216102457730e+00
-2.500003476143967784e+00
-2.181641634388962636e+00
-2.194439132959471017e+00
-2.570287490598207825e+00
-2.534879301405701391e+00
-2.500003476143967784e+00
-2.160719258290176192e+00
-2.288817645583556715e+00
-2.157306452206015024e+00
-2.465358601849102715e+00
-2.260704741261919004e+00
-2.473302724024088572e+00
-2.557253913708719129e+00
-2.276997239126667960e+00
-2.500003476143967784e+00
-2.756791999273589533e-01
-2.527604264988078331e+00
-2.559260526362690857e+00
-2.407385571525336498e+00
-2.184900543574495924e+00
-2.500003476143967784e+00
-1.076692647643273659e+00
-2.463672088404376570e+00
-2.222568152031699995e+00
-2.127777811162169463e+00
-2.500003476143967784e+00
-2.445511757480851145e+00
-2.495696912725418937e+00
-2.558387244205297950e+00
-2.530262937819767632e+00
-2.539258726162279878e+00
-2.120774470769827946e+00
-2.229980417612775323e+00
-2.532537242473064776e+00
-3.464101023122526879e+00
-2.500003476143967784e+00
-2.360502520819823591e+00
-2.716822655978228807e-01
-2.518185726881479791e+00
-2.963760586439498912e-01
-2.266681471754999677e+00
-2.492500502483077085e+00
-2.479633425073899389e+00
-2.413651817366739394e+00
-8.243506154204095493e-01
-2.451380326498194151e+00
-2.467849301228371761e+00
-2.500003476143967784e+00
-8.418675712414459555e-01
-1.674850110174701312e+00
-3.502976089873096610e-01
-2.569828207256215968e+00
-2.274024049722118690e+00
-2.276597377298909208e+00
-2.138542781935019566e+00
-4.703151865505430518e-01
-2.265800956084061735e+00
-2.169500328438405568e+00
-2.508830039803177314e+00
-5.392803559815352310e-01
-2.449933608233916704e+00
-2.217459014121831107e+00
-2.348938746187501536e+00
-2.433409046872803128e+00
-1.922294076832136822e+00
3.421990579099360441e-01
-1.295471059368735078e+00
-2.310247145541869163e+00
-8.450284000105362514e-01
-2.391080510103634538e+00
-2.314525936997709366e+00
-5.229364304878336700e-01
-2.769442705422403561e-01
-3.770508737041388114e-01
-2.390827786084300577e+00
-2.423183559758262717e+00
-9.385317382011600928e-01
-2.208835718183725927e-01
-1.901362509494807451e+00
-1.119250483674782748e+00
-4.795412435903664283e-01
-4.412901543635311397e-01
-2.710558906199503681e+00
-9.488138406910932021e-01
-1.132622294898503634e+00
-2.720582440023222137e+00
-4.511848712173567866e-01
-3.392222800531532467e-01
-1.951371141085652017e+00
