-5.096619000000004007e+00
-4.331377000000003363e+00
-3.918895000000006235e+00
-2.974754000000004339e+00
-3.972813000000002148e+00
-4.119917999999998415e+00
-5.061858999999998332e+00
-3.717871999999999844e+00
-4.826845000000005825e+00
-4.035935000000009154e+00
-4.940423000000009779e+00
-3.065656000000004155e+00
-4.161739999999980455e+00
-5.036884000000014794e+00
-4.532048000000003185e+00
-3.079590000000010264e+00
-4.021604000000010615e+00
-4.575620000000000687e+00
-5.067942999999985432e+00
-4.077801000000008003e+00
-3.091757000000001199e+00
-4.982314999999999827e+00
-2.970392000000003918e+00
-3.749224000000012325e+00
-4.437268000000003099e+00
-4.120048000000011257e+00
-3.658789000000012948e+00
-5.036988000000008014e+00
-5.054731000000003860e+00
-2.751102000000003045e+00
-3.753709000000000628e+00
-4.948952999999988833e+00
-3.999022999999993999e+00
-5.076569000000006326e+00
-4.084979000000004135e+00
-4.843084000000004608e+00
-4.393474000000011870e+00
-4.346683000000012953e+00
-4.077031000000005179e+00
-4.816038000000006036e+00
-5.324471999999985883e+00
-4.617515000000011582e+00
-3.281140000000007717e+00
-3.203190000000006421e+00
-3.839601999999999293e+00
-5.282221000000021149e+00
-3.998489000000006399e+00
-3.952679000000003384e+00
-3.911722000000011690e+00
-4.904513000000008560e+00
-3.097611000000000558e+00
-5.171435000000002447e+00
-3.913893000000001621e+00
-4.984676000000007434e+00
-5.104148000000009233e+00
-4.144678999999996449e+00
-3.133562000000011949e+00
-4.018607000000002927e+00
-3.935622000000009280e+00
-4.840524999999999523e+00
-5.070334000000002561e+00
-5.072050999999987653e+00
-3.089008000000006859e+00
-3.890109000000009587e+00
-4.006885000000011132e+00
-5.124767000000019834e+00
-3.690220000000010714e+00
-2.850061000000010836e+00
-2.870628000000003510e+00
-4.385833000000005200e+00
-3.724061000000006061e+00
-3.161432000000004905e+00
-5.190648999999979196e+00
-5.300912999999980002e+00
-3.816401999999996519e+00
-3.838229999999995812e+00
-3.838695000000001301e+00
-3.978408999999999196e+00
-3.760473000000004618e+00
-5.080337000000014314e+00
-2.777164999999996553e+00
-4.297853000000017687e+00
-5.046863999999999351e+00
-5.047088999999999714e+00
-3.180735999999996011e+00
-3.985799000000000092e+00
-3.208673000000004549e+00
-4.803825000000003342e+00
-5.000852999999978010e+00
-3.822040000000001214e+00
-5.162784000000002038e+00
-2.936188000000001352e+00
-4.053531000000006657e+00
-2.810168000000004440e+00
-5.109491000000019767e+00
-3.843180000000018026e+00
-4.332252000000011094e+00
-4.626163000000005354e+00
-4.621292000000011058e+00
-5.358842000000009875e+00
-2.946571000000005824e+00
-4.788028000000011275e+00
-5.009929999999997108e+00
-4.393067000000016264e+00
-4.363779000000008068e+00
-3.714117000000001667e+00
-4.002876000000000545e+00
-3.932283000000012407e+00
-3.082302000000012754e+00
-2.665036000000000627e+00
-5.067129000000008432e+00
-4.482475999999991245e+00
-3.781236000000006925e+00
-5.067747999999994590e+00
-2.833465999999994267e+00
-5.305542000000002645e+00
-2.671441000000001509e+00
-4.917299999999997340e+00
-4.366947000000010348e+00
-3.003949000000005753e+00
-3.083982000000005996e+00
-5.048861999999985528e+00
-4.431381000000016002e+00
-5.104820000000017899e+00
-5.100409000000013293e+00
-5.006968000000000529e+00
-4.826843999999994139e+00
-3.981571000000002414e+00
-4.979935000000011769e+00
-3.008010000000012951e+00
-4.540956000000008430e+00
-2.641991999999994789e+00
-3.743307000000001494e+00
-3.908563000000000898e+00
-3.068309000000013498e+00
-4.884797000000006051e+00
-4.829507000000006656e+00
-4.013599999999996726e+00
-4.160183000000003517e+00
-2.951346000000015124e+00
-4.324222000000006005e+00
-4.415455999999991832e+00
-3.723872000000014282e+00
-4.624003000000016073e+00
-4.113477000000017370e+00
-5.045490000000029340e+00
-4.040942000000001144e+00
-3.092315000000013470e+00
-4.803601000000000454e+00
-5.062362000000007356e+00
-2.716881999999998243e+00
-3.998633000000012316e+00
-5.039696999999989657e+00
-2.841503000000002999e+00
-5.029899999999997817e+00
-5.062556000000000722e+00
-4.570485000000005016e+00
-4.575827000000003864e+00
-4.308803000000011707e+00
-5.383562000000011949e+00
-2.993823000000006118e+00
-5.336883000000000266e+00
-4.607196999999999321e+00
-5.026620000000008304e+00
-4.138132000000013022e+00
-2.918295999999990897e+00
-5.232515000000006467e+00
-2.668387000000009834e+00
-5.118260000000020682e+00
-3.115231000000008521e+00
-2.946205000000006180e+00
-2.759645999999996491e+00
-2.999564000000006558e+00
-3.725373999999987973e+00
-4.518378000000012662e+00
-5.127043000000000461e+00
-4.064588000000014745e+00
-5.112576000000018439e+00
-4.863453000000006909e+00
-2.685144999999998561e+00
-3.774412000000012313e+00
-3.060451000000000477e+00
-3.114055000000007567e+00
-5.032139000000000806e+00
-2.827320999999997753e+00
-5.043165999999985161e+00
-5.087825000000009368e+00
-3.772891000000001327e+00
-3.882378000000002771e+00
-5.121206999999998288e+00
-3.073800000000005639e+00
-4.200513000000000829e+00
-3.209831000000008316e+00
-3.965979000000004362e+00
-4.315910000000002356e+00
-5.123637999999999693e+00
-3.714263000000016746e+00
-3.740767000000005282e+00
-4.372035000000010996e+00
-4.880930000000006430e+00
-4.407260000000007949e+00
-4.161628000000007432e+00
-5.034125999999986334e+00
-5.095314999999999372e+00
-4.642711000000005583e+00
-3.174067000000007965e+00
-5.042723000000009392e+00
-3.156898999999995681e+00
-3.746490000000008536e+00
-4.519161000000011086e+00
-3.295040000000000191e+00
-3.097690000000000055e+00
-3.669561999999984891e+00
-4.644336000000009790e+00
-5.511244000000004917e+00
-3.707501000000007707e+00
-3.613805999999996743e+00
-4.041410999999996534e+00
-5.301861999999999853e+00
-5.721627000000012231e+00
-5.013117000000008261e+00
-3.405242000000001212e+00
-4.045579000000003589e+00
-6.018472000000002708e+00
-2.966841000000002282e+00
-5.758565000000004375e+00
-5.487963000000007696e+00
-4.460372000000006665e+00
-5.781613000000007219e+00
-5.672925000000006435e+00
-4.135350000000002524e+00
-4.001545000000007235e+00
-3.229616000000007148e+00
-5.599130000000002383e+00
-4.548022000000003118e+00
-3.299324999999996066e+00
-5.539034000000015112e+00
-3.321449000000001206e+00
-4.650981999999999061e+00
-5.661001999999996315e+00
-3.916218000000000643e+00
-4.706303000000005454e+00
-3.639589999999998327e+00
-5.488694000000009510e+00
-4.261194000000003257e+00
-3.335014000000015244e+00
-4.806753999999997973e+00
-3.147786000000010631e+00
-4.524377999999998679e+00
-3.701529000000007841e+00
-4.394605999999996016e+00
-3.042453000000008956e+00
-4.306071000000002869e+00
-4.285554000000018959e+00
-2.888092000000000326e+00
-3.275324000000011893e+00
-5.698437999999995895e+00
-5.636019000000004553e+00
-3.970410999999998580e+00
-4.397360000000006153e+00
-3.018364000000005376e+00
-3.421267999999997755e+00
-4.197280000000006339e+00
-2.941704000000001429e+00
-4.386437000000000808e+00
-4.057873000000014940e+00
-5.875523999999998637e+00
-3.259814000000005763e+00
-3.153649999999998954e+00
-5.219388000000009242e+00
-4.005027999999995814e+00
-3.109064000000003603e+00
-3.761358000000015522e+00
-3.081021000000006893e+00
-3.069997000000014964e+00
-3.308798000000010120e+00
-4.076820000000012101e+00
-5.112704000000007909e+00
-3.368856000000008066e+00
-5.443029000000009887e+00
-4.041009999999999991e+00
-3.969099000000014144e+00
-3.990549000000001456e+00
-4.408563000000015109e+00
-4.512551000000001977e+00
-5.570626000000004296e+00
-4.492212000000009198e+00
-3.721242000000003713e+00
-2.860326000000014801e+00
-4.099221000000000004e+00
-4.061110999999996807e+00
-4.046276000000005979e+00
-4.072394000000016945e+00
-4.075792000000006965e+00
-4.115136000000006788e+00
-4.132750000000001478e+00
-4.615519000000006145e+00
-4.324830000000005725e+00
-5.620477000000008161e+00
-3.713782000000009020e+00
-4.346943000000010215e+00
-4.097355000000007408e+00
-4.044662999999999897e+00
-4.997727000000011799e+00
-5.112847999999999615e+00
-5.633865000000000123e+00
-4.368044000000011806e+00
-3.201161999999996510e+00
-4.020850999999993292e+00
-4.390579999999999927e+00
-5.139927000000000135e+00
-5.171998999999999569e+00
-4.597655000000003156e+00
-3.166222000000004755e+00
-5.078136000000000649e+00
-3.693330000000003110e+00
-4.999440000000006989e+00
-4.326588000000000989e+00
-4.096794000000002711e+00
-5.873059000000012020e+00
-4.061491000000003737e+00
-4.702184000000002584e+00
-5.957201000000011959e+00
-4.408242000000015537e+00
-3.984011000000009517e+00
-3.198115000000015584e+00
-4.850186000000007880e+00
-4.007346999999995774e+00
-5.074021000000016102e+00
-4.074865000000002624e+00
-3.401754000000011047e+00
-5.516547000000002754e+00
-4.629595000000009009e+00
-3.035089000000013471e+00
-4.062936000000007652e+00
-5.937463000000008151e+00
-4.745277000000001522e+00
-5.133663999999996008e+00
-4.179166000000009262e+00
-4.096834000000001197e+00
-6.147990000000007171e+00
-5.873227000000014186e+00
-3.300947000000007847e+00
-4.136385000000004197e+00
-4.451228000000000407e+00
-4.947977000000008729e+00
-5.064918000000005804e+00
-4.670516000000006329e+00
-4.095481000000006588e+00
-4.721796000000011873e+00
-4.458961999999999648e+00
-4.799770000000009418e+00
-5.237662999999997737e+00
-5.929168000000004213e+00
-5.056481000000005110e+00
-4.705422000000012872e+00
-4.853400000000007708e+00
-3.779827000000011594e+00
-4.189438000000009765e+00
-4.414684999999991533e+00
-3.657002000000005637e+00
-4.299952000000004659e+00
-5.560334000000011656e+00
-4.157897000000005505e+00
-3.666559000000006563e+00
-5.705950000000015621e+00
-3.711926000000005388e+00
-3.238472999999999047e+00
-5.812475000000006276e+00
-4.046864999999996826e+00
-4.169604000000006749e+00
-5.281227000000001226e+00
-3.053425000000004275e+00
-4.261975000000006730e+00
-5.513959999999997308e+00
-5.613292000000001281e+00
-4.816264000000003875e+00
-5.498597000000003732e+00
-5.463426999999995815e+00
-5.279886000000004742e+00
-5.576346999999998388e+00
-4.810914000000011015e+00
-3.109083000000012476e+00
-2.982843000000002576e+00
-4.325936000000012882e+00
-5.344415000000012128e+00
-4.320961000000011154e+00
-3.276388000000011402e+00
-5.557337000000018179e+00
-4.762014000000007741e+00
-3.981544000000013739e+00
-5.888969000000003007e+00
-2.970333000000010770e+00
-3.731436000000002196e+00
-4.382532999999995127e+00
-5.138262999999994918e+00
-3.712254999999998972e+00
-3.996158000000008315e+00
-4.498014000000011947e+00
-5.218864000000010606e+00
-5.314623000000011643e+00
-4.456417000000001849e+00
-3.582202999999992699e+00
-4.227187000000000694e+00
-3.870084000000005631e+00
-4.389792000000014127e+00
-4.608893999999992275e+00
-5.611960000000010496e+00
-5.019600000000011164e+00
-3.936160999999998467e+00
-5.122323000000008619e+00
-4.412329999999997199e+00
-5.707566999999997392e+00
-3.093117000000006556e+00
-3.023199000000005299e+00
-3.187864000000004694e+00
-3.102950000000006980e+00
-3.566821000000004460e+00
-3.571983000000003017e+00
-3.560119999999997731e+00
-3.699168000000000234e+00
-3.260545000000007576e+00
-3.677794000000005781e+00
-3.602309000000005312e+00
-3.170873999999997750e+00
-2.883509000000003653e+00
-3.259292000000002076e+00
-3.173270000000002256e+00
-3.573567999999994527e+00
-3.450995000000006030e+00
-3.242126000000013164e+00
-3.596735999999992828e+00
-2.636928000000011707e+00
-3.138922000000007984e+00
-3.522800000000003706e+00
-3.259290000000007126e+00
-5.500000000000014211e+00
-3.188744000000014012e+00
-3.221093000000010420e+00
-3.582967000000010671e+00
-3.313935000000000741e+00
-3.260175000000003820e+00
-5.522716000000002623e+00
-3.310597000000001344e+00
-3.606302000000013663e+00
-3.417276999999998566e+00
-3.260376000000007934e+00
-3.317044000000009873e+00
-3.022627000000014164e+00
-2.771873999999996840e+00
-3.210104000000001179e+00
-3.232275000000001342e+00
-3.348188000000007492e+00
-3.558185000000008813e+00
-3.242530000000016344e+00
-2.639299000000008277e+00
-3.259780000000006339e+00
-3.464596999999997706e+00
-5.444313000000008174e+00
-3.296019000000001142e+00
-5.545341000000007625e+00
-3.501037000000010835e+00
-3.271288999999995895e+00
-2.964289000000007945e+00
-3.344511999999994600e+00
-6.095879000000010706e+00
-3.299244000000015831e+00
-3.295587000000011813e+00
-3.260207000000008293e+00
-6.086047000000007756e+00
-3.496155000000001678e+00
-5.365644000000003189e+00
-3.237144999999998163e+00
-3.698166000000014719e+00
-3.526723000000004049e+00
-3.628342000000003509e+00
-5.289242000000015764e+00
-3.571256000000005315e+00
-3.350495000000009327e+00
-3.270914000000004762e+00
-5.049317000000002054e+00
-3.185975999999996588e+00
-3.510864999999995462e+00
-3.691184000000006904e+00
-4.630321000000009235e+00
-3.847754000000009000e+00
-4.267125000000007162e+00
-4.645116000000001577e+00
-4.643163999999998737e+00
-4.230112000000005423e+00
-5.149150000000005889e+00
-4.916596999999995887e+00
-4.413925000000006094e+00
-4.814293000000020584e+00
-4.917248000000000729e+00
-4.747259999999997149e+00
-5.083863000000008014e+00
-4.879559000000000424e+00
-4.452602000000013049e+00
-3.668450000000007094e+00
-4.920000000000015916e+00
-5.151789000000007945e+00
-4.886811000000008676e+00
-4.414717000000010216e+00
-4.906054999999994948e+00
-4.938386000000008380e+00
-4.061369999999996594e+00
-5.081323000000011803e+00
-5.159170000000003142e+00
-4.066710999999999743e+00
