5.259999999999999787e+00
3.609999999999999876e+00
2.745000000000000107e+00
2.450000000000000178e+00
2.620000000000000107e+00
2.745000000000000107e+00
4.514999999999999680e+00
3.339999999999999858e+00
3.884999999999999787e+00
2.529999999999999805e+00
4.304999999999999716e+00
2.450000000000000178e+00
2.919999999999999929e+00
4.514999999999999680e+00
4.174999999999999822e+00
3.625000000000000000e+00
2.745000000000000107e+00
4.174999999999999822e+00
5.259999999999999787e+00
2.620000000000000107e+00
3.625000000000000000e+00
4.514999999999999680e+00
2.180000000000000160e+00
2.529999999999999805e+00
3.609999999999999876e+00
2.919999999999999929e+00
3.339999999999999858e+00
3.524999999999999911e+00
5.259999999999999787e+00
2.180000000000000160e+00
3.339999999999999858e+00
4.304999999999999716e+00
2.919999999999999929e+00
5.815000000000000391e+00
2.745000000000000107e+00
3.884999999999999787e+00
3.609999999999999876e+00
3.609999999999999876e+00
2.620000000000000107e+00
3.884999999999999787e+00
5.584999999999999964e+00
4.174999999999999822e+00
2.450000000000000178e+00
2.450000000000000178e+00
2.529999999999999805e+00
5.584999999999999964e+00
2.745000000000000107e+00
2.745000000000000107e+00
2.745000000000000107e+00
5.815000000000000391e+00
2.450000000000000178e+00
5.259999999999999787e+00
2.529999999999999805e+00
4.304999999999999716e+00
4.969999999999999751e+00
2.620000000000000107e+00
3.625000000000000000e+00
2.745000000000000107e+00
2.620000000000000107e+00
3.884999999999999787e+00
4.514999999999999680e+00
3.524999999999999911e+00
3.625000000000000000e+00
2.745000000000000107e+00
2.745000000000000107e+00
3.524999999999999911e+00
3.339999999999999858e+00
3.080000000000000071e+00
2.180000000000000160e+00
3.609999999999999876e+00
3.339999999999999858e+00
2.450000000000000178e+00
6.475000000000000533e+00
5.584999999999999964e+00
2.529999999999999805e+00
2.529999999999999805e+00
2.529999999999999805e+00
2.620000000000000107e+00
3.339999999999999858e+00
5.259999999999999787e+00
2.740000000000000213e+00
3.609999999999999876e+00
4.304999999999999716e+00
4.304999999999999716e+00
2.450000000000000178e+00
2.620000000000000107e+00
2.450000000000000178e+00
3.884999999999999787e+00
4.304999999999999716e+00
2.529999999999999805e+00
3.125000000000000000e+00
3.080000000000000071e+00
2.919999999999999929e+00
2.740000000000000213e+00
5.259999999999999787e+00
2.529999999999999805e+00
3.609999999999999876e+00
4.174999999999999822e+00
4.174999999999999822e+00
3.125000000000000000e+00
3.080000000000000071e+00
3.884999999999999787e+00
4.304999999999999716e+00
3.609999999999999876e+00
3.609999999999999876e+00
3.339999999999999858e+00
2.919999999999999929e+00
2.620000000000000107e+00
3.625000000000000000e+00
2.180000000000000160e+00
4.514999999999999680e+00
3.125000000000000000e+00
3.339999999999999858e+00
3.524999999999999911e+00
2.740000000000000213e+00
5.584999999999999964e+00
2.740000000000000213e+00
3.884999999999999787e+00
3.609999999999999876e+00
3.625000000000000000e+00
2.450000000000000178e+00
4.514999999999999680e+00
4.174999999999999822e+00
4.969999999999999751e+00
4.969999999999999751e+00
4.304999999999999716e+00
3.884999999999999787e+00
2.620000000000000107e+00
3.524999999999999911e+00
3.625000000000000000e+00
4.174999999999999822e+00
2.740000000000000213e+00
3.339999999999999858e+00
2.745000000000000107e+00
3.625000000000000000e+00
3.884999999999999787e+00
3.884999999999999787e+00
2.620000000000000107e+00
2.919999999999999929e+00
2.180000000000000160e+00
2.620000000000000107e+00
3.609999999999999876e+00
3.339999999999999858e+00
4.174999999999999822e+00
2.919999999999999929e+00
4.514999999999999680e+00
2.919999999999999929e+00
3.625000000000000000e+00
3.884999999999999787e+00
3.524999999999999911e+00
2.740000000000000213e+00
2.919999999999999929e+00
4.304999999999999716e+00
2.180000000000000160e+00
4.514999999999999680e+00
5.259999999999999787e+00
4.174999999999999822e+00
4.174999999999999822e+00
3.609999999999999876e+00
5.584999999999999964e+00
3.080000000000000071e+00
5.584999999999999964e+00
4.174999999999999822e+00
5.815000000000000391e+00
3.125000000000000000e+00
2.180000000000000160e+00
3.125000000000000000e+00
2.180000000000000160e+00
4.969999999999999751e+00
3.625000000000000000e+00
2.450000000000000178e+00
2.740000000000000213e+00
3.080000000000000071e+00
3.125000000000000000e+00
4.174999999999999822e+00
3.125000000000000000e+00
2.620000000000000107e+00
4.969999999999999751e+00
3.884999999999999787e+00
2.740000000000000213e+00
2.529999999999999805e+00
2.450000000000000178e+00
3.625000000000000000e+00
3.524999999999999911e+00
3.080000000000000071e+00
4.514999999999999680e+00
4.514999999999999680e+00
3.339999999999999858e+00
2.529999999999999805e+00
3.125000000000000000e+00
3.625000000000000000e+00
2.919999999999999929e+00
2.450000000000000178e+00
2.620000000000000107e+00
3.609999999999999876e+00
5.259999999999999787e+00
2.529999999999999805e+00
3.339999999999999858e+00
2.745000000000000107e+00
3.884999999999999787e+00
3.609999999999999876e+00
2.919999999999999929e+00
4.514999999999999680e+00
5.259999999999999787e+00
4.174999999999999822e+00
2.450000000000000178e+00
3.884999999999999787e+00
2.180000000000000160e+00
3.339999999999999858e+00
3.609999999999999876e+00
2.450000000000000178e+00
3.625000000000000000e+00
7.900000000000000355e+00
4.174999999999999822e+00
4.514999999999999680e+00
3.339999999999999858e+00
5.900000000000000355e+00
7.900000000000000355e+00
3.524999999999999911e+00
4.514999999999999680e+00
3.524999999999999911e+00
2.450000000000000178e+00
2.919999999999999929e+00
4.969999999999999751e+00
3.625000000000000000e+00
4.304999999999999716e+00
4.304999999999999716e+00
3.609999999999999876e+00
4.304999999999999716e+00
4.514999999999999680e+00
2.919999999999999929e+00
2.745000000000000107e+00
2.450000000000000178e+00
4.514999999999999680e+00
3.609999999999999876e+00
2.450000000000000178e+00
4.514999999999999680e+00
2.450000000000000178e+00
4.174999999999999822e+00
4.304999999999999716e+00
2.919999999999999929e+00
3.125000000000000000e+00
3.339999999999999858e+00
4.514999999999999680e+00
2.620000000000000107e+00
2.180000000000000160e+00
4.174999999999999822e+00
2.180000000000000160e+00
3.609999999999999876e+00
3.339999999999999858e+00
3.609999999999999876e+00
3.625000000000000000e+00
2.620000000000000107e+00
2.529999999999999805e+00
3.080000000000000071e+00
2.450000000000000178e+00
5.259999999999999787e+00
5.259999999999999787e+00
2.529999999999999805e+00
3.609999999999999876e+00
3.625000000000000000e+00
2.450000000000000178e+00
2.745000000000000107e+00
3.080000000000000071e+00
3.609999999999999876e+00
2.919999999999999929e+00
4.304999999999999716e+00
2.180000000000000160e+00
2.180000000000000160e+00
3.524999999999999911e+00
2.745000000000000107e+00
2.180000000000000160e+00
3.339999999999999858e+00
3.625000000000000000e+00
3.625000000000000000e+00
2.180000000000000160e+00
2.745000000000000107e+00
3.884999999999999787e+00
2.450000000000000178e+00
5.584999999999999964e+00
2.529999999999999805e+00
2.919999999999999929e+00
2.919999999999999929e+00
3.609999999999999876e+00
3.609999999999999876e+00
4.969999999999999751e+00
3.609999999999999876e+00
3.339999999999999858e+00
3.080000000000000071e+00
2.529999999999999805e+00
2.745000000000000107e+00
2.529999999999999805e+00
2.919999999999999929e+00
2.529999999999999805e+00
2.745000000000000107e+00
2.919999999999999929e+00
2.620000000000000107e+00
2.620000000000000107e+00
5.259999999999999787e+00
3.339999999999999858e+00
2.745000000000000107e+00
2.919999999999999929e+00
2.919999999999999929e+00
3.524999999999999911e+00
3.884999999999999787e+00
3.125000000000000000e+00
3.609999999999999876e+00
2.180000000000000160e+00
2.529999999999999805e+00
2.620000000000000107e+00
3.884999999999999787e+00
3.884999999999999787e+00
3.125000000000000000e+00
2.180000000000000160e+00
3.125000000000000000e+00
7.900000000000000355e+00
3.524999999999999911e+00
2.919999999999999929e+00
2.745000000000000107e+00
4.304999999999999716e+00
2.529999999999999805e+00
4.174999999999999822e+00
4.969999999999999751e+00
2.620000000000000107e+00
2.919999999999999929e+00
2.450000000000000178e+00
5.815000000000000391e+00
2.919999999999999929e+00
3.884999999999999787e+00
2.745000000000000107e+00
2.450000000000000178e+00
4.304999999999999716e+00
3.125000000000000000e+00
3.625000000000000000e+00
2.529999999999999805e+00
4.969999999999999751e+00
4.174999999999999822e+00
3.884999999999999787e+00
2.745000000000000107e+00
2.745000000000000107e+00
4.969999999999999751e+00
4.969999999999999751e+00
2.180000000000000160e+00
2.919999999999999929e+00
3.609999999999999876e+00
3.524999999999999911e+00
3.884999999999999787e+00
4.174999999999999822e+00
2.529999999999999805e+00
4.174999999999999822e+00
3.609999999999999876e+00
4.174999999999999822e+00
3.884999999999999787e+00
4.969999999999999751e+00
5.815000000000000391e+00
4.174999999999999822e+00
4.174999999999999822e+00
3.339999999999999858e+00
2.745000000000000107e+00
3.609999999999999876e+00
5.900000000000000355e+00
2.620000000000000107e+00
5.259999999999999787e+00
2.529999999999999805e+00
3.339999999999999858e+00
3.125000000000000000e+00
3.339999999999999858e+00
2.450000000000000178e+00
4.304999999999999716e+00
2.529999999999999805e+00
2.745000000000000107e+00
4.514999999999999680e+00
3.625000000000000000e+00
2.620000000000000107e+00
4.514999999999999680e+00
4.514999999999999680e+00
4.174999999999999822e+00
4.514999999999999680e+00
4.304999999999999716e+00
3.884999999999999787e+00
4.514999999999999680e+00
4.174999999999999822e+00
2.180000000000000160e+00
3.625000000000000000e+00
2.620000000000000107e+00
4.514999999999999680e+00
2.620000000000000107e+00
2.180000000000000160e+00
3.125000000000000000e+00
4.174999999999999822e+00
2.745000000000000107e+00
4.304999999999999716e+00
3.625000000000000000e+00
3.339999999999999858e+00
2.919999999999999929e+00
3.884999999999999787e+00
3.339999999999999858e+00
2.529999999999999805e+00
5.815000000000000391e+00
3.524999999999999911e+00
4.514999999999999680e+00
2.620000000000000107e+00
7.900000000000000355e+00
2.620000000000000107e+00
7.900000000000000355e+00
2.620000000000000107e+00
4.174999999999999822e+00
4.514999999999999680e+00
3.884999999999999787e+00
7.900000000000000355e+00
3.884999999999999787e+00
3.609999999999999876e+00
3.125000000000000000e+00
3.625000000000000000e+00
3.339999999999999858e+00
3.899999999999999911e+00
3.899999999999999911e+00
3.899999999999999911e+00
3.899999999999999911e+00
3.899999999999999911e+00
3.899999999999999911e+00
3.899999999999999911e+00
3.899999999999999911e+00
3.899999999999999911e+00
3.899999999999999911e+00
3.899999999999999911e+00
3.899999999999999911e+00
3.899999999999999911e+00
3.899999999999999911e+00
3.899999999999999911e+00
3.899999999999999911e+00
3.899999999999999911e+00
3.625000000000000000e+00
3.899999999999999911e+00
3.899999999999999911e+00
3.899999999999999911e+00
3.125000000000000000e+00
3.899999999999999911e+00
3.899999999999999911e+00
3.899999999999999911e+00
3.899999999999999911e+00
3.899999999999999911e+00
4.514999999999999680e+00
3.899999999999999911e+00
3.899999999999999911e+00
3.899999999999999911e+00
3.899999999999999911e+00
3.899999999999999911e+00
3.339999999999999858e+00
3.899999999999999911e+00
3.899999999999999911e+00
3.899999999999999911e+00
3.899999999999999911e+00
3.899999999999999911e+00
3.899999999999999911e+00
3.625000000000000000e+00
3.899999999999999911e+00
3.899999999999999911e+00
3.125000000000000000e+00
3.899999999999999911e+00
3.125000000000000000e+00
3.899999999999999911e+00
3.899999999999999911e+00
3.899999999999999911e+00
3.899999999999999911e+00
4.969999999999999751e+00
3.899999999999999911e+00
3.899999999999999911e+00
3.899999999999999911e+00
4.969999999999999751e+00
3.339999999999999858e+00
5.584999999999999964e+00
3.899999999999999911e+00
3.899999999999999911e+00
3.899999999999999911e+00
3.899999999999999911e+00
5.259999999999999787e+00
3.899999999999999911e+00
3.899999999999999911e+00
3.899999999999999911e+00
5.259999999999999787e+00
3.899999999999999911e+00
3.899999999999999911e+00
3.899999999999999911e+00
5.259999999999999787e+00
3.899999999999999911e+00
3.125000000000000000e+00
3.884999999999999787e+00
3.884999999999999787e+00
5.259999999999999787e+00
5.259999999999999787e+00
5.584999999999999964e+00
5.259999999999999787e+00
5.259999999999999787e+00
5.584999999999999964e+00
5.259999999999999787e+00
5.259999999999999787e+00
4.304999999999999716e+00
5.259999999999999787e+00
3.899999999999999911e+00
4.969999999999999751e+00
5.259999999999999787e+00
3.125000000000000000e+00
5.259999999999999787e+00
4.304999999999999716e+00
4.969999999999999751e+00
3.884999999999999787e+00
5.259999999999999787e+00
5.584999999999999964e+00
3.899999999999999911e+00
